1, 0, 0, 0, 0, 0, 0, 0, 0, 0, 0, 0, 0, 0, 0, 0, 0, 0,// 0frame
10, 0, 0, 0, 0, 0, -9, -131, 28, 24, -12, -107, 19, 57, -12, -52, 26, 52,// 1frame
20, 0, 0, 0, 0, 0, -9, -134, 27, 27, -10, -106, 22, 55, -12, -52, 27, 50,// 2frame
31, 0, 0, 0, 0, 0, -10, -132, 27, 28, -14, -105, 28, 53, -15, -52, 31, 51,// 3frame
42, 0, 0, 0, 0, 0, -10, -132, 26, 28, -19, -106, 36, 56, -23, -51, 41, 49,// 4frame
53, 0, 0, 0, 0, 0, -9, -131, 28, 27, -21, -105, 44, 53, -30, -52, 56, 49,// 5frame
64, 0, 0, 0, 0, 0, -7, -130, 26, 28, -23, -102, 48, 51, -28, -52, 52, 49,// 6frame
75, 0, 0, 0, 0, 0, -5, -130, 25, 28, -20, -104, 41, 52, -22, -53, 43, 53,// 7frame
85, 0, 0, 0, 0, 0, -5, -130, 25, 28, -18, -104, 33, 55, -18, -50, 32, 49,// 8frame
95, 0, 0, 0, 0, 0, -2, -131, 30, 29, -10, -105, 28, 50, -19, -55, 32, 54,// 9frame
107, 0, 0, 0, 0, 0, 1, -134, 27, 28, -14, -107, 58, 42, -23, -67, 46, 63,// 10frame
119, 0, 0, 0, 0, 0, 1, -136, 29, 29, -29, -110, 79, 36, -34, -74, 64, 64,// 11frame
131, 0, 0, 0, 0, 0, -2, -133, 29, 30, -25, -105, 68, 42, -34, -64, 69, 63,// 12frame
142, 0, 0, 0, 0, 0, -1, -131, 28, 27, -18, -106, 45, 46, -31, -60, 46, 58,// 13frame
153, 0, 0, 0, 0, 0, -12, -132, 26, 26, -19, -106, 35, 51, -17, -55, 34, 54,// 14frame
164, 0, 0, 0, 0, 0, -13, -131, 27, 26, -20, -105, 36, 50, -19, -55, 34, 55,// 15frame
175, 0, 0, 0, 0, 0, -12, -130, 26, 25, -20, -105, 36, 50, -18, -56, 33, 54,// 16frame
186, 0, 0, 0, 0, 0, -11, -123, 27, 29, -26, -95, 62, 35, -19, -60, 40, 60,// 17frame
197, 0, 0, 0, 0, 0, -11, -121, 26, 26, -28, -95, 64, 35, -18, -60, 38, 60,// 18frame
208, 0, 0, 0, 0, 0, -11, -121, 26, 28, -26, -93, 62, 33, -19, -60, 38, 60,// 19frame
219, 0, 0, 0, 0, 0, -6, -118, 24, 28, -15, -92, 40, 34, -16, -59, 39, 59,// 20frame
230, 0, 0, 0, 0, 0, -5, -115, 26, 25, -16, -92, 42, 35, -18, -56, 41, 56,// 21frame
241, 0, 0, 0, 0, 0, -6, -115, 25, 28, -17, -90, 42, 36, -18, -55, 41, 55,// 22frame
253, 0, 0, 0, 0, 0, -2, -115, 27, 27, -42, -96, 81, 23, -13, -74, 44, 65,// 23frame
264, 0, 0, 0, 0, 0, 3, -128, 24, 23, -15, -102, 45, 39, -15, -66, 37, 57,// 24frame
275, 0, 0, 0, 0, 0, 5, -127, 25, 24, -17, -102, 58, 33, -11, -70, 41, 55,// 25frame
286, 0, 0, 0, 0, 0, 1, -121, 25, 24, -16, -95, 50, 31, -10, -65, 35, 55,// 26frame
297, 0, 0, 0, 0, 0, -11, -141, 22, 22, -22, -121, 46, 38, -4, -85, 32, 56,// 27frame
309, 3, 56, 68, 0, 0, -20, -122, 39, 55, -2, -66, 21, 66, -4, -112, 92, 52,// 28frame
321, 0, 0, 0, 0, 0, 3, -135, 27, 26, -30, -110, 81, 25, -32, -85, 66, 64,// 29frame
326, 0, 0, 0, 0, 0, -16, -121, 29, 25, -15, -98, 23, 48, -20, -53, 41, 54,// 30frame
331, 0, 0, 0, 0, 0, -12, -120, 23, 23, -14, -100, 21, 47, -20, -55, 42, 55,// 31frame
336, 0, 0, 0, 0, 0, -13, -121, 24, 24, -14, -97, 22, 43, -23, -54, 42, 54,// 32frame
347, 0, 0, 0, 0, 0, 2, -129, 47, 25, -10, -105, 28, 50, -19, -55, 32, 54,// 33frame
359, 0, 0, 0, 0, 0, 6, -135, 43, 30, -3, -111, 20, 50, -23, -67, 46, 63,// 34frame
371, 0, 0, 0, 0, 0, 1, -136, 29, 29, -5, -113, 22, 50, -34, -74, 64, 64,// 35frame
376, 0, 0, 0, 0, 0, -13, -121, 27, 24, -15, -100, 23, 43, -15, -60, 29, 59,// 36frame
381, 0, 0, 0, 0, 0, -12, -121, 24, 24, -12, -98, 22, 41, -16, -59, 31, 56,// 37frame
386, 0, 0, 0, 0, 0, -13, -121, 27, 24, -15, -98, 23, 41, -15, -59, 34, 57,// 38frame
391, 0, 0, 0, 0, 0, -12, -121, 24, 24, -12, -99, 21, 42, -24, -60, 43, 57,// 39frame
396, 0, 0, 0, 0, 0, -11, -122, 23, 24, -14, -100, 25, 42, -31, -59, 57, 57,// 40frame
401, 0, 0, 0, 0, 0, -11, -122, 24, 25, -14, -99, 23, 41, -35, -60, 61, 57,// 41frame
406, 0, 0, 0, 0, 0, -12, -121, 25, 24, -15, -99, 24, 39, -33, -61, 55, 58,// 42frame
410, 0, 0, 0, 0, 0, -13, -122, 24, 23, -15, -101, 22, 41, -23, -61, 34, 60,// 43frame
422, 0, 0, 0, 0, 0, 3, -135, 27, 26, -4, -118, 26, 38, -32, -85, 66, 64,// 44frame
434, 0, 0, 0, 0, 0, 3, -135, 42, 29, -5, -108, 21, 50, -34, -64, 69, 63,// 45frame
445, 0, 0, 0, 0, 0, 1, -129, 41, 26, -5, -108, 18, 49, -31, -60, 46, 58,// 46frame
463, 0, 0, 0, 0, 0, 0, 0, 0, 0, 0, 0, 0, 0, 0, 0, 0, 0,// 47frame
464, 0, 0, 0, 0, 0, -14, -118, 28, 24, -19, -94, 32, 43, -20, -52, 44, 52,// 48frame
465, 0, 0, 0, 0, 0, -6, -115, 25, 28, -17, -90, 42, 36, -18, -55, 41, 55,// 49frame
466, 0, 0, 0, 0, 0, -8, -74, 28, 27, -8, -49, 42, 49, 0, 0, 0, 0,// 50frame
467, 0, 0, 0, 0, 0, 1, -126, 29, 202, 0, 0, 0, 0, 0, 0, 0, 0,// 51frame
468, 0, 0, 0, 0, 0, 12, -63, 18, 121, 0, 0, 0, 0, 0, 0, 0, 0,// 52frame
469, 0, 0, 0, 0, 0, 1, -60, 20, 118, 0, 0, 0, 0, 0, 0, 0, 0,// 53frame
470, 0, 0, 0, 0, 0, -43, -125, 83, 125, 0, 0, 0, 0, 0, 0, 0, 0,// 54frame
471, 0, 0, 0, 0, 0, -41, -94, 80, 123, 0, 0, 0, 0, 0, 0, 0, 0,// 55frame
472, 0, 0, 0, 0, 0, -1, -24, 29, 26, -4, 0, 61, 30, 0, 0, 0, 0,// 56frame
475, 0, 0, 0, 0, 0, 0, 0, 0, 0, -17, -51, 24, 53, 0, 0, 0, 0,// 57frame
478, 0, 0, 0, 0, 0, 0, 0, 0, 0, -16, -54, 26, 54, 0, 0, 0, 0,// 58frame
481, 0, 0, 0, 0, 0, 0, 0, 0, 0, -13, -52, 24, 52, 0, 0, 0, 0,// 59frame
484, 0, 0, 0, 0, 0, 0, 0, 0, 0, -9, -51, 18, 53, 0, 0, 0, 0,// 60frame
487, 0, 0, 0, 0, 0, 0, 0, 0, 0, -8, -52, 19, 52, 0, 0, 0, 0,// 61frame
490, 0, 0, 0, 0, 0, 0, 0, 0, 0, -8, -51, 21, 51, 0, 0, 0, 0,// 62frame
493, 0, 0, 0, 0, 0, 0, 0, 0, 0, -7, -53, 23, 54, 0, 0, 0, 0,// 63frame
496, 0, 0, 0, 0, 0, 0, 0, 0, 0, -7, -52, 26, 51, 0, 0, 0, 0,// 64frame
499, 0, 0, 0, 0, 0, 0, 0, 0, 0, -7, -51, 28, 50, 0, 0, 0, 0,// 65frame
504, 0, 0, 0, 0, 0, -12, -123, 23, 25, -14, -99, 24, 40, -18, -60, 27, 57,// 66frame
509, 0, 0, 0, 0, 0, -10, -121, 23, 24, -11, -98, 23, 40, -22, -60, 41, 56,// 67frame
514, 0, 0, 0, 0, 0, -11, -125, 24, 24, -11, -102, 24, 45, -43, -59, 73, 49,// 68frame
519, 0, 0, 0, 0, 0, -12, -124, 25, 25, -15, -100, 26, 45, -46, -57, 77, 53,// 69frame
524, 0, 0, 0, 0, 0, -10, -122, 24, 26, -13, -99, 23, 43, -33, -58, 53, 56,// 70frame
529, 0, 0, 0, 0, 0, -11, -121, 24, 23, -15, -99, 26, 41, -32, -60, 42, 57,// 71frame
534, 0, 0, 0, 0, 0, -11, -123, 24, 25, -13, -100, 22, 41, -16, -60, 29, 58,// 72frame
539, 0, 0, 0, 0, 0, -10, -123, 22, 24, -10, -100, 21, 42, -16, -58, 34, 50,// 73frame
544, 0, 0, 0, 0, 0, -11, -123, 24, 23, -11, -100, 20, 42, -29, -59, 51, 51,// 74frame
549, 0, 0, 0, 0, 0, -10, -124, 23, 24, -14, -101, 24, 48, -38, -54, 69, 49,// 75frame
554, 0, 0, 0, 0, 0, -10, -124, 23, 24, -14, -101, 24, 45, -33, -58, 52, 55,// 76frame
559, 0, 0, 0, 0, 0, -10, -122, 22, 23, -12, -99, 21, 39, -25, -62, 37, 61,// 77frame
571, 0, 0, 0, 0, 0, 5, -120, 27, 25, -13, -95, 42, 40, -13, -58, 31, 57,// 78frame
583, 0, 0, 0, 0, 0, -1, -93, 24, 25, -24, -68, 47, 27, -20, -39, 38, 39,// 79frame
594, 0, 0, 0, 0, 0, 4, -65, 22, 15, -17, -54, 41, 21, -21, -34, 41, 34,// 80frame
605, 0, 0, 0, 0, 0, 5, -120, 27, 25, -13, -95, 42, 40, -13, -58, 31, 57,// 81frame
616, 0, 0, 0, 0, 0, -1, -93, 24, 25, -24, -68, 47, 27, -20, -39, 38, 39,// 82frame
627, 0, 0, 0, 0, 0, -2, -62, 28, 11, -18, -53, 40, 19, -20, -35, 40, 33,// 83frame
632, 0, 0, 0, 0, 0, 3, -133, 22, 24, -7, -110, 25, 45, -14, -67, 36, 56,// 84frame
637, 0, 0, 0, 0, 0, 7, -129, 24, 24, -4, -108, 24, 39, -9, -71, 37, 53,// 85frame
642, 0, 0, 0, 0, 0, 2, -116, 24, 23, -10, -96, 22, 46, -13, -52, 31, 52,// 86frame
647, 0, 0, 0, 0, 0, -1, -87, 21, 25, -15, -71, 19, 33, -22, -39, 41, 39,// 87frame
652, 0, 0, 0, 0, 0, 1, -75, 24, 22, -15, -57, 24, 20, -20, -38, 40, 38,// 88frame
657, 0, 0, 0, 0, 0, -1, -132, 22, 24, -10, -109, 22, 38, -16, -72, 40, 54,// 89frame
669, 0, 0, 0, 0, 0, -10, -132, 28, 26, -7, -105, 30, 50, -11, -57, 28, 58,// 90frame
681, 0, 0, 0, 0, 0, -10, -117, 26, 24, -6, -93, 27, 49, -17, -45, 34, 45,// 91frame
693, 0, 0, 0, 0, 0, -5, -104, 25, 26, -6, -79, 22, 49, -27, -32, 39, 32,// 92frame
705, 0, 0, 0, 0, 0, -5, -105, 26, 27, -5, -79, 21, 47, -30, -33, 37, 33,// 93frame
717, 0, 0, 0, 0, 0, 4, -101, 27, 26, 1, -74, 21, 46, -34, -29, 39, 29,// 94frame
729, 0, 0, 0, 0, 0, 36, -82, 26, 26, 2, -56, 43, 36, -36, -22, 45, 22,// 95frame
740, 0, 0, 0, 0, 0, 52, -24, 25, 26, 1, -14, 51, 14, -68, -13, 68, 15,// 96frame
751, 0, 0, 0, 0, 0, 48, -36, 27, 24, -2, -19, 55, 15, -68, -14, 68, 16,// 97frame
763, 0, 0, 0, 0, 0, -71, -117, 26, 24, -47, -103, 56, 45, -21, -62, 38, 60,// 98frame
775, 0, 0, 0, 0, 0, -81, -109, 27, 26, -55, -95, 57, 43, -22, -55, 36, 50,// 99frame
787, 0, 0, 0, 0, 0, -73, -117, 27, 24, -54, -100, 52, 48, -20, -56, 33, 55,// 100frame
799, 0, 0, 0, 0, 0, -49, -127, 26, 24, -36, -106, 35, 45, -19, -63, 33, 63,// 101frame
811, 0, 0, 0, 0, 0, -59, -110, 27, 25, -35, -95, 41, 46, -16, -53, 43, 51,// 102frame
823, 0, 0, 0, 0, 0, -47, -117, 26, 25, -35, -96, 40, 47, -18, -54, 41, 51,// 103frame
835, 0, 0, 0, 0, 0, -36, -117, 26, 25, -30, -94, 36, 47, -14, -51, 34, 49,// 104frame
847, 0, 0, 0, 0, 0, -30, -117, 26, 25, -26, -92, 31, 45, -21, -50, 43, 48,// 105frame
859, 0, 0, 0, 0, 0, -27, -116, 26, 25, -24, -92, 39, 43, -17, -50, 42, 49,// 106frame
871, 0, 0, 0, 0, 0, -21, -118, 27, 29, -21, -90, 35, 40, -16, -51, 39, 51,// 107frame
883, 0, 0, 0, 0, 0, -13, -116, 24, 25, -17, -93, 41, 46, -14, -47, 44, 46,// 108frame
895, 0, 0, 0, 0, 0, -8, -111, 23, 21, -15, -90, 37, 40, -14, -50, 40, 48,// 109frame
907, 0, 0, 0, 0, 0, -11, -116, 23, 23, -19, -94, 36, 41, -18, -52, 40, 51,// 110frame
919, 0, 0, 0, 0, 0, -14, -118, 28, 24, -19, -94, 32, 43, -20, -52, 44, 52,// 111frame
930, 0, 0, 0, 0, 0, -11, -112, 25, 27, -21, -87, 55, 32, -17, -54, 50, 48,// 112frame
942, 99, 61, 61, 0, 0, -23, -92, 50, 44, -10, -36, 60, 30, -39, -93, 49, 70,// 113frame
954, 99, 61, 61, 0, 0, -33, -62, 53, 42, -11, -25, 72, 20, -52, -63, 67, 56,// 114frame
966, 99, 69, 69, 0, 0, -40, -61, 91, 36, -22, -26, 50, 20, -60, -46, 90, 48,// 115frame
978, 99, 69, 69, 0, 0, -58, -32, 77, 29, -21, -50, 73, 25, -53, -34, 72, 39,// 116frame
990, 99, 69, 69, 0, 0, -62, -25, 74, 26, 6, -40, 49, 35, -58, -28, 79, 33,// 117frame
1001, 0, 0, 0, 0, 0, -65, -30, 27, 27, -37, -28, 51, 22, 12, -35, 61, 22,// 118frame
1012, 0, 0, 0, 0, 0, -64, -33, 25, 25, -40, -31, 55, 21, 12, -32, 59, 28,// 119frame
1023, 0, 0, 0, 0, 0, -64, -21, 27, 25, -38, -15, 56, 19, 17, -13, 58, 16,// 120frame
1035, 99, 61, 61, 0, 0, -46, -85, 62, 39, 5, -51, 45, 41, -57, -97, 68, 55,// 121frame
1047, 99, 61, 61, 0, 0, -55, -73, 70, 32, 10, -49, 45, 43, -61, -80, 79, 42,// 122frame
1059, 99, 61, 61, 0, 0, -58, -41, 93, 20, 31, -36, 34, 35, -73, -46, 105, 26,// 123frame
1070, 0, 0, 0, 0, 0, -57, -25, 23, 25, -35, -19, 57, 20, 20, -19, 52, 21,// 124frame
1081, 0, 0, 0, 0, 0, -53, -56, 25, 23, -48, -35, 42, 37, -7, -27, 57, 28,// 125frame
1092, 0, 0, 0, 0, 0, -1, -70, 25, 27, -15, -49, 27, 19, -18, -31, 58, 32,// 126frame
1103, 0, 0, 0, 0, 0, 16, -88, 26, 25, -5, -70, 30, 34, -13, -37, 38, 37,// 127frame
1114, 0, 0, 0, 0, 0, 14, -106, 24, 26, -4, -82, 27, 35, -9, -49, 30, 49,// 128frame
1126, 0, 0, 0, 0, 0, -65, -113, 25, 25, -45, -94, 41, 38, -16, -58, 39, 53,// 129frame
1138, 0, 0, 0, 0, 0, -45, -101, 24, 24, -28, -80, 42, 34, -2, -48, 46, 46,// 130frame
1150, 0, 0, 0, 0, 0, -48, -127, 23, 23, -37, -103, 34, 43, -21, -59, 38, 59,// 131frame
1162, 0, 0, 0, 0, 0, -64, -120, 24, 22, -46, -100, 40, 40, -21, -60, 38, 56,// 132frame
1173, 0, 0, 0, 0, 0, 37, -40, 23, 24, -3, -30, 42, 29, -55, -27, 54, 27,// 133frame
1184, 0, 0, 0, 0, 0, 32, -62, 25, 21, -3, -45, 45, 42, -45, -30, 43, 34,// 134frame
1195, 0, 0, 0, 0, 0, 1, -74, 24, 22, -18, -54, 34, 28, -24, -27, 47, 28,// 135frame
1206, 0, 0, 0, 0, 0, -2, -119, 24, 24, -16, -98, 37, 42, -23, -56, 46, 55,// 136frame
1217, 0, 0, 0, 0, 0, 16, -119, 27, 26, -4, -98, 42, 39, -14, -60, 40, 58,// 137frame
1229, 2, 56, 59, 0, 0, 4, -105, 59, 35, -8, -73, 42, 71, 18, -93, 81, 19,// 138frame
1240, 0, 0, 0, 0, 0, 12, -118, 25, 26, -1, -95, 28, 35, -10, -60, 33, 59,// 139frame
1252, 4, 55, 58, 0, 0, 13, -111, 41, 58, -1, -55, 38, 52, 18, -99, 80, 23,// 140frame
1263, 0, 0, 0, 0, 0, 9, -115, 25, 24, -8, -93, 53, 32, -9, -60, 39, 59,// 141frame
1274, 0, 0, 0, 0, 0, -11, -111, 47, 26, 3, -87, 31, 32, -3, -56, 38, 54,// 142frame
1285, 0, 0, 0, 0, 0, 1, -118, 33, 33, -5, -90, 30, 34, -10, -57, 37, 57,// 143frame
1297, 8, 67, 67, 0, 0, 31, -127, 41, 67, 9, -68, 46, 65, 26, -140, 77, 76,// 144frame
1308, 0, 0, 0, 0, 0, 15, -125, 43, 25, 7, -104, 38, 43, -3, -60, 41, 60,// 145frame
1320, 6, 60, 60, 0, 0, -9, -91, 65, 27, -53, -64, 78, 27, -53, -90, 112, 57,// 146frame
1332, 10, 60, 60, 0, 0, 38, -108, 35, 54, 1, -59, 43, 55, -4, -90, 96, 36,// 147frame
1343, 0, 0, 0, 0, 0, 23, -110, 27, 22, 15, -88, 45, 29, -5, -60, 38, 55,// 148frame
1354, 0, 0, 0, 0, 0, -10, -125, 24, 25, 2, -104, 27, 48, -13, -59, 34, 58,// 149frame
1365, 0, 0, 0, 0, 0, 1, -121, 24, 24, -14, -99, 40, 39, -18, -59, 45, 59,// 150frame
1376, 0, 0, 0, 0, 0, -9, -126, 26, 26, -18, -101, 31, 42, -11, -60, 25, 58,// 151frame
1388, 2, 57, 58, 0, 0, -18, -120, 44, 55, -9, -65, 46, 61, -1, -65, 76, 50,// 152frame
1400, 4, 56, 59, 0, 0, -32, -126, 38, 60, -7, -95, 17, 95, -21, -114, 98, 58,// 153frame
1411, 0, 0, 0, 0, 0, -12, -125, 24, 25, -15, -100, 40, 37, -15, -65, 28, 64,// 154frame
1420, 0, 0, 0, 0, 0, -19, -127, 22, 27, -5, -100, 17, 98, 8, -148, 17, 72,// 155frame
1429, 0, 0, 0, 0, 0, -26, -124, 22, 24, -14, -98, 19, 31, -3, -149, 20, 149,// 156frame
1441, 6, 66, 66, 0, 0, -21, -110, 39, 56, 1, -60, 54, 54, -7, -104, 87, 94,// 157frame
1452, 0, 0, 0, 0, 0, -22, -122, 22, 23, -18, -99, 28, 40, -21, -61, 34, 58,// 158frame
1463, 0, 0, 0, 0, 0, -7, -132, 22, 22, -17, -113, 37, 37, -19, -75, 36, 59,// 159frame
1474, 0, 0, 0, 0, 0, -4, -140, 23, 23, -21, -122, 48, 44, -15, -80, 26, 61,// 160frame
1486, 6, 68, 68, 0, 0, -38, -142, 45, 96, 2, -109, 91, 31, -15, -102, 108, 35,// 161frame
1497, 0, 0, 0, 0, 0, -11, -141, 22, 22, -22, -121, 46, 38, -4, -85, 32, 56,// 162frame
1506, 0, 0, 0, 0, 0, 10, -115, 23, 24, -6, -93, 56, 32, -9, -64, 35, 63,// 163frame
1516, 3, 62, 69, 0, 0, -13, -123, 43, 78, -16, -50, 20, 50, -9, -85, 52, 53,// 164frame
1525, 0, 0, 0, 0, 0, -8, -122, 21, 22, -13, -101, 43, 71, -19, -33, 21, 33,// 165frame
1537, 0, 0, 0, 0, 0, 29, -101, 22, 21, -2, -91, 55, 40, -12, -70, 34, 67,// 166frame
1549, 0, 0, 0, 0, 0, 24, -98, 24, 42, -21, -95, 45, 53, -23, -48, 32, 42,// 167frame
1561, 0, 0, 0, 0, 0, 19, -95, 24, 41, -22, -93, 45, 55, -34, -62, 29, 49,// 168frame
1571, 0, 0, 0, 0, 0, -24, -114, 24, 22, -34, -95, 48, 31, -26, -65, 42, 64,// 169frame
1582, 0, 0, 0, 0, 0, -15, -122, 22, 22, -22, -100, 51, 30, -20, -70, 35, 68,// 170frame
1594, 8, 68, 68, 0, 0, -20, -122, 39, 55, -2, -66, 21, 66, -4, -112, 92, 52,// 171frame
1605, 0, 0, 0, 0, 0, -19, -119, 21, 22, -11, -95, 31, 93, 7, -68, 53, 35,// 172frame
1616, 0, 0, 0, 0, 0, -30, -118, 22, 25, -32, -93, 40, 32, -11, -60, 34, 55,// 173frame
1627, 0, 0, 0, 0, 0, -2, -137, 39, 27, -13, -112, 32, 92, -28, -112, 14, 14,// 174frame
1638, 0, 0, 0, 0, 0, -9, -141, 33, 33, -15, -108, 30, 75, 12, -44, 30, 23,// 175frame
1649, 0, 0, 0, 0, 0, -4, -144, 21, 79, -19, -126, 46, 29, -21, -66, 46, 37,// 176frame
1659, 20, 61, 61, 0, 0, -15, -61, 24, 22, -29, -45, 59, 45, -269, -99, 553, 104,// 177frame
1668, 0, 0, 0, 0, 0, -17, -55, 20, 22, -30, -59, 57, 58, -29, -34, 58, 33,// 178frame
1677, 0, 0, 0, 0, 0, 6, -115, 23, 20, -1, -95, 61, 16, -19, -82, 45, 79,// 179frame
1688, 0, 0, 0, 0, 0, 6, -115, 34, 39, -7, -85, 19, 32, -26, -54, 46, 53,// 180frame
1697, 0, 0, 0, 0, 0, -54, -106, 31, 28, -24, -89, 24, 28, -25, -60, 37, 59,// 181frame
1707, 0, 0, 0, 0, 0, -64, -77, 25, 36, -40, -82, 28, 22, -28, -67, 33, 63,// 182frame
1718, 0, 0, 0, 0, 0, -33, -113, 21, 23, -37, -91, 46, 35, -19, -59, 36, 57,// 183frame
1729, 0, 0, 0, 0, 0, 6, -113, 22, 23, -2, -93, 45, 28, -16, -65, 38, 65,// 184frame
1740, 0, 0, 0, 0, 0, 20, -120, 25, 42, 2, -100, 19, 35, -13, -66, 35, 54,// 185frame
1749, 0, 0, 0, 0, 0, 44, -116, 23, 21, -1, -120, 47, 30, -48, -110, 48, 40,// 186frame
1758, 0, 0, 0, 0, 0, 15, -28, 35, 26, 2, -54, 34, 26, -52, -65, 57, 30,// 187frame
1768, 99, 61, 61, 0, 0, -3, -65, 35, 58, -47, -95, 57, 37, -8, -75, 56, 70,// 188frame
1778, 99, 61, 61, 0, 0, -11, -70, 29, 60, -27, -123, 41, 58, -18, -84, 57, 79,// 189frame
1788, 99, 69, 69, 0, 0, -40, -37, 58, 35, 2, -92, 36, 62, -34, -57, 72, 61,// 190frame
1799, 0, 0, 0, 0, 0, -1, -87, 26, 22, -31, -75, 73, 29, -13, -50, 30, 33,// 191frame
1810, 0, 0, 0, 0, 0, 28, -61, 24, 22, 9, -47, 29, 49, -42, -77, 69, 41,// 192frame
1821, 0, 0, 0, 0, 0, 34, -68, 24, 25, -21, -68, 59, 30, -55, -41, 100, 37,// 193frame
1832, 0, 0, 0, 0, 0, 33, -92, 23, 24, -3, -78, 49, 35, -20, -59, 32, 59,// 194frame
1844, 99, 69, 69, 0, 0, 2, -39, 50, 32, -51, -40, 54, 35, -48, -35, 100, 39,// 195frame
1855, 0, 0, 0, 0, 0, 47, -39, 26, 23, -1, -26, 54, 21, -66, -30, 65, 25,// 196frame
1866, 0, 0, 0, 0, 0, -44, -39, 23, 24, -44, -86, 43, 46, 1, -88, 51, 38,// 197frame
1877, 0, 0, 0, 0, 0, -2, -27, 21, 22, -38, -55, 52, 33, -15, -97, 42, 41,// 198frame
1889, 99, 69, 69, 0, 0, -16, -46, 53, 31, -39, -95, 35, 55, -54, -71, 85, 55,// 199frame
1901, 99, 69, 69, 0, 0, -5, -41, 53, 35, -58, -43, 58, 41, -48, -39, 91, 43,// 200frame
1912, 0, 0, 0, 0, 0, -49, -124, 38, 34, -15, -95, 29, 31, -14, -65, 43, 57,// 201frame
1923, 0, 0, 0, 0, 0, -51, -113, 34, 36, -17, -90, 29, 26, -16, -68, 39, 50,// 202frame
1935, 10, 70, 70, 0, 0, 16, -75, 39, 59, -37, -83, 54, 49, 3, -79, 70, 68,// 203frame
1946, 0, 0, 0, 0, 0, 26, -100, 24, 31, -23, -94, 51, 27, -16, -67, 43, 48,// 204frame
1957, 0, 0, 0, 0, 0, -51, -112, 24, 22, -30, -99, 45, 41, 1, -64, 56, 45,// 205frame
1968, 0, 0, 0, 0, 0, -44, -113, 24, 23, -30, -93, 41, 33, -1, -67, 46, 38,// 206frame
1980, 99, 61, 61, 0, 0, -39, -108, 39, 52, -1, -80, 63, 30, -55, -111, 63, 58,// 207frame
1991, 0, 0, 0, 0, 0, -45, -114, 22, 24, -38, -96, 40, 42, -4, -74, 62, 38,// 208frame
2003, 0, 0, 0, 0, 0, -61, -94, 66, 44, 4, -77, 52, 44, -76, -100, 81, 53,// 209frame
2014, 0, 0, 0, 0, 0, -62, -96, 42, 23, -32, -75, 38, 21, -6, -58, 60, 27,// 210frame
2023, 0, 0, 0, 0, 0, -21, -120, 24, 24, -14, -98, 46, 54, -1, -45, 17, 45,// 211frame
2034, 0, 0, 0, 0, 0, -18, -118, 26, 23, -32, -99, 76, 39, -8, -59, 28, 59,// 212frame
2044, 0, 0, 0, 0, 0, -25, -123, 21, 21, -29, -101, 44, 35, -5, -67, 32, 63,// 213frame
2055, 0, 0, 0, 0, 0, -17, -122, 22, 24, -29, -97, 43, 32, -4, -67, 35, 67,// 214frame
2066, 0, 0, 0, 0, 0, -35, -115, 23, 21, -30, -95, 39, 27, -3, -71, 27, 70,// 215frame
2078, 5, 57, 69, 0, 0, -30, -120, 44, 61, -9, -64, 25, 64, -9, -92, 106, 32,// 216frame
2089, 0, 0, 0, 0, 0, -20, -120, 25, 51, -3, -84, 39, 48, -2, -40, 17, 40,// 217frame
2099, 0, 0, 0, 0, 0, 10, -97, 24, 23, -22, -80, 45, 35, -21, -43, 48, 43,// 218frame
2110, 0, 0, 0, 0, 0, -2, -126, 25, 23, -18, -104, 45, 59, -21, -45, 24, 30,// 219frame
2119, 0, 0, 0, 0, 0, -16, -128, 25, 22, -15, -104, 32, 50, -10, -52, 25, 32,// 220frame
2131, 8, 64, 61, 0, 0, -30, -127, 44, 57, -19, -70, 28, 50, -12, -110, 100, 63,// 221frame
2142, 0, 0, 0, 0, 0, -33, -114, 25, 44, -7, -97, 21, 79, 10, -74, 58, 21,// 222frame
2152, 0, 0, 0, 0, 0, -24, -120, 21, 20, -30, -102, 40, 72, 3, -40, 24, 28,// 223frame
2163, 0, 0, 0, 0, 0, -6, -115, 25, 23, -44, -98, 74, 19, -14, -81, 39, 75,// 224frame
2175, 12, 65, 61, 0, 0, -39, -107, 44, 49, -24, -65, 33, 62, -20, -103, 94, 66,// 225frame
2186, 0, 0, 0, 0, 0, -26, -106, 21, 21, -30, -85, 39, 66, 7, -69, 47, 27,// 226frame
2196, 0, 0, 0, 0, 0, 4, -29, 31, 29, -32, -53, 58, 26, -43, -27, 34, 25,// 227frame
2207, 0, 0, 0, 0, 0, -10, -50, 37, 51, -4, -86, 19, 41, -48, -128, 57, 43,// 228frame
2218, 0, 0, 0, 0, 0, -24, -45, 30, 44, 4, -46, 30, 31, 1, -76, 33, 34,// 229frame
2230, 10, 61, 61, 0, 0, -67, -89, 79, 30, 12, -79, 49, 36, -21, -87, 87, 53,// 230frame
2241, 0, 0, 0, 0, 0, -44, -115, 24, 19, -68, -106, 77, 26, -19, -79, 37, 77,// 231frame
2253, 0, 0, 0, 0, 0, -35, -21, 50, 27, -28, -45, 43, 26, -47, -65, 31, 28,// 232frame
2264, 0, 0, 0, 0, 0, -52, -23, 27, 23, -26, -40, 42, 40, 11, -72, 27, 62,// 233frame
2276, 10, 67, 61, 0, 0, -67, -69, 50, 45, -23, -93, 83, 29, -44, -100, 110, 50,// 234frame
2277, 0, 0, 0, 0, 0, -12, -65, 23, 23, -16, -40, 33, 38, -18, -2, 37, 40,// 235frame
2278, 0, 0, 0, 0, 0, -11, -64, 22, 23, -16, -40, 34, 38, -20, -3, 42, 41,// 236frame
2279, 0, 0, 0, 0, 0, -10, -63, 20, 22, -18, -41, 36, 38, -25, -1, 51, 36,// 237frame
2280, 0, 0, 0, 0, 0, -13, -65, 25, 24, -15, -40, 31, 35, -20, -5, 40, 38,// 238frame
2293, 0, 0, 0, 0, 0, -32, -124, 47, 30, -16, -96, 22, 46, -19, -55, 40, 56,// 239frame
2306, 0, 0, 0, 0, 0, -44, -123, 50, 33, -17, -94, 25, 42, -20, -54, 40, 54,// 240frame
2320, 2, 56, 59, 0, 0, 1, -120, 60, 54, -17, -70, 38, 69, -8, -119, 99, 67,// 241frame
2333, 0, 0, 0, 0, 0, -2, -125, 40, 52, -13, -75, 25, 25, -20, -51, 42, 51,// 242frame
2334, 0, 0, 0, 0, 0, -17, -91, 23, 23, -17, -65, 37, 64, 5, -1, 15, 14,// 243frame
2335, 0, 0, 0, 0, 0, 5, -68, 19, 9, -15, -61, 44, 29, -21, -33, 40, 33,// 244frame
2348, 0, 0, 0, 0, 0, 5, -68, 19, 9, -15, -61, 44, 29, -21, -33, 40, 33,// 245frame
2359, 0, 0, 0, 0, 0, 31, -69, 26, 25, 1, -50, 41, 49, -45, -30, 46, 31,// 246frame
2370, 0, 0, 0, 0, 0, 39, -61, 28, 31, 6, -39, 61, 39, -47, -26, 54, 28,// 247frame
2381, 0, 0, 0, 0, 0, 40, -55, 27, 32, 6, -31, 68, 32, -48, -24, 60, 24,// 248frame
2392, 0, 0, 0, 0, 0, 40, -63, 27, 28, 5, -41, 56, 43, -49, -25, 56, 26,// 249frame
2393, 0, 0, 0, 0, 0, 10, -59, 34, 44, -27, -46, 41, 18, -49, -63, 24, 38,// 250frame
2394, 0, 0, 0, 0, 0, 7, -64, 35, 41, -28, -56, 39, 18, -40, -46, 33, 36,// 251frame
2395, 12, 71, 71, 0, 0, 5, -120, 27, 24, -36, -105, 49, 32, -15, -84, 23, 84,// 252frame
2396, 0, 0, 0, 0, 0, 9, -104, 23, 22, -17, -89, 29, 45, -11, -45, 25, 45,// 253frame
2397, 0, 0, 0, 0, 0, 11, -95, 22, 21, -10, -78, 28, 43, -6, -37, 25, 38,// 254frame
2408, 0, 0, 0, 0, 0, 30, -69, 25, 25, -8, -56, 46, 53, -44, -34, 43, 35,// 255frame
2419, 0, 0, 0, 0, 0, 29, -93, 24, 26, -1, -75, 40, 49, -25, -45, 34, 40,// 256frame
2430, 0, 0, 0, 0, 0, 23, -106, 23, 24, -2, -90, 34, 54, -18, -39, 35, 41,// 257frame
2441, 0, 0, 0, 0, 0, 22, -116, 23, 25, -2, -98, 28, 53, -11, -48, 29, 48,// 258frame
2452, 0, 0, 0, 0, 0, 25, -117, 23, 26, 1, -97, 29, 53, -6, -45, 21, 45,// 259frame
2463, 0, 0, 0, 0, 0, 22, -116, 24, 26, 1, -96, 28, 51, -10, -47, 28, 44,// 260frame
2474, 0, 0, 0, 0, 0, 22, -113, 23, 23, 1, -95, 30, 51, -12, -44, 34, 43,// 261frame
2485, 0, 0, 0, 0, 0, 23, -113, 22, 26, 1, -91, 29, 49, -16, -44, 43, 42,// 262frame
2496, 0, 0, 0, 0, 0, 24, -113, 21, 26, -2, -93, 30, 50, -15, -43, 37, 43,// 263frame
2507, 0, 0, 0, 0, 0, 22, -115, 23, 23, -1, -95, 31, 52, -15, -41, 35, 39,// 264frame
2518, 0, 0, 0, 0, 0, 14, -120, 27, 26, -8, -95, 51, 40, -14, -60, 30, 59,// 265frame
2529, 0, 0, 0, 0, 0, 12, -121, 25, 25, -7, -96, 66, 29, -16, -68, 33, 66,// 266frame
2540, 0, 0, 0, 0, 0, 1, -125, 27, 25, -7, -104, 65, 31, -15, -73, 31, 73,// 267frame
2551, 6, 73, 58, 0, 0, -6, -120, 41, 47, -17, -77, 33, 76, 2, -121, 50, 48,// 268frame
2561, 0, 0, 0, 0, 0, 8, -119, 32, 43, -10, -97, 27, 41, -15, -58, 32, 57,// 269frame
2573, 0, 0, 0, 0, 0, -45, -115, 23, 23, -27, -98, 30, 48, -9, -56, 30, 54,// 270frame
2585, 0, 0, 0, 0, 0, -49, -108, 22, 23, -27, -94, 33, 49, -13, -51, 32, 51,// 271frame
2597, 0, 0, 0, 0, 0, -29, -119, 23, 21, -15, -99, 25, 45, -15, -58, 34, 56,// 272frame
2608, 0, 0, 0, 0, 0, -3, -123, 22, 22, -5, -103, 26, 53, -14, -52, 35, 52,// 273frame
2619, 0, 0, 0, 0, 0, 39, -90, 24, 24, 1, -80, 40, 45, -13, -35, 31, 35,// 274frame
2630, 0, 0, 0, 0, 0, 43, -73, 24, 23, 1, -68, 43, 45, -16, -28, 40, 27,// 275frame
2641, 0, 0, 0, 0, 0, 45, -68, 22, 27, -2, -66, 48, 51, -15, -20, 37, 19,// 276frame
2652, 0, 0, 0, 0, 0, 35, -98, 26, 25, 2, -81, 37, 45, -14, -36, 36, 35,// 277frame
2663, 0, 0, 0, 0, 0, -26, -128, 41, 36, -30, -93, 18, 90, -13, -68, 19, 40,// 278frame
2674, 0, 0, 0, 0, 0, -34, -131, 33, 35, -32, -96, 19, 95, -13, -80, 23, 39,// 279frame
2686, 4, 71, 71, 0, 0, -13, -98, 62, 32, -4, -66, 38, 64, 19, -36, 17, 36,// 280frame
2697, 0, 0, 0, 0, 0, 19, -105, 27, 25, -1, -84, 27, 42, -7, -45, 40, 45,// 281frame
2706, 0, 0, 0, 0, 0, -1, -69, 26, 25, -12, -44, 51, 44, 0, 0, 0, 0,// 282frame
2713, 0, 0, 0, 0, 0, 3, -23, 25, 23, -3, -2, 60, 29, 0, 0, 0, 0,// 283frame
2721, 0, 0, 0, 0, 0, -1, -21, 29, 22, -2, 0, 56, 28, 0, 0, 0, 0,// 284frame
2729, 0, 0, 0, 0, 0, -3, -71, 23, 24, -8, -47, 30, 49, 0, 0, 0, 0,// 285frame
2735, 0, 0, 0, 0, 0, 1, -23, 26, 21, -1, -4, 61, 21, 0, 0, 0, 0,// 286frame
2742, 0, 0, 0, 0, 0, 1, -26, 24, 22, -4, -12, 65, 20, 0, 0, 0, 0,// 287frame
2748, 0, 0, 0, 0, 0, -1, -24, 30, 22, -3, -4, 63, 18, 0, 0, 0, 0,// 288frame
2755, 0, 0, 0, 0, 0, -1, -23, 26, 18, 1, -10, 58, 19, 0, 0, 0, 0,// 289frame
2764, 0, 0, 0, 0, 0, -1, -66, 26, 21, -15, -43, 43, 49, 0, 0, 0, 0,// 290frame
2771, 0, 0, 0, 0, 0, 1, -24, 26, 23, -3, -2, 60, 29, 0, 0, 0, 0,// 291frame
2779, 0, 0, 0, 0, 0, -1, -23, 28, 24, -2, 0, 56, 28, 0, 0, 0, 0,// 292frame
2786, 0, 0, 0, 0, 0, 1, -21, 28, 21, -3, -2, 60, 29, 0, 0, 0, 0,// 293frame
2794, 0, 0, 0, 0, 0, -1, -22, 27, 22, -2, 0, 56, 28, 0, 0, 0, 0,// 294frame
2801, 0, 0, 0, 0, 0, 1, -21, 26, 21, -3, -2, 60, 29, 0, 0, 0, 0,// 295frame
2809, 0, 0, 0, 0, 0, -1, -25, 26, 15, -3, -11, 57, 28, 0, 0, 0, 0,// 296frame
2816, 0, 0, 0, 0, 0, 1, -22, 28, 22, -3, -2, 60, 29, 0, 0, 0, 0,// 297frame
2824, 0, 0, 0, 0, 0, 1, -21, 25, 21, -3, -2, 60, 29, 0, 0, 0, 0,// 298frame
2833, 0, 0, 0, 0, 0, -1, -67, 25, 22, -24, -45, 45, 45, 18, -14, 26, 21,// 299frame
2840, 0, 0, 0, 0, 0, 1, -22, 26, 21, -3, -2, 60, 29, 0, 0, 0, 0,// 300frame
2848, 0, 0, 0, 0, 0, -1, -22, 28, 21, -3, -2, 60, 29, 0, 0, 0, 0,// 301frame
2857, 0, 0, 0, 0, 0, -1, -69, 26, 25, -19, -48, 47, 48, 16, -19, 26, 21,// 302frame
2864, 0, 0, 0, 0, 0, 1, -22, 26, 19, -3, -5, 62, 27, 0, 0, 0, 0,// 303frame
2872, 0, 0, 0, 0, 0, -2, -24, 27, 23, -1, -3, 64, 24, 0, 0, 0, 0,// 304frame
2881, 0, 0, 0, 0, 0, -1, -69, 26, 25, -12, -44, 51, 44, 0, 0, 0, 0,// 305frame
2888, 0, 0, 0, 0, 0, 1, -22, 27, 23, -5, -1, 62, 25, 0, 0, 0, 0,// 306frame
2896, 0, 0, 0, 0, 0, -2, -22, 28, 24, -1, 1, 57, 26, 0, 0, 0, 0,// 307frame
2903, 0, 0, 0, 0, 0, -1, -21, 29, 21, -3, -2, 60, 29, 0, 0, 0, 0,// 308frame
2911, 0, 0, 0, 0, 0, -2, -22, 29, 22, -3, -2, 60, 29, 0, 0, 0, 0,// 309frame
2923, 0, 0, 0, 0, 0, 0, 0, 0, 0, 0, 0, 0, 0, 0, 0, 0, 0,// 310frame
2935, 0, 0, 0, 0, 0, 0, 0, 0, 0, 0, 0, 0, 0, 0, 0, 0, 0,// 311frame
2947, 0, 0, 0, 0, 0, 0, 0, 0, 0, 0, 0, 0, 0, 0, 0, 0, 0,// 312frame
2950, 0, 0, 0, 0, 0, -110, -135, 245, 95, -41, -209, 47, 77, -341, -139, 235, 30,// 313frame
2953, 0, 0, 0, 0, 0, -112, -133, 243, 89, -33, -210, 40, 80, -323, -140, 212, 40,// 314frame
2956, 0, 0, 0, 0, 0, -110, -136, 243, 92, -36, -215, 40, 81, -348, -140, 242, 30,// 315frame
2959, 0, 0, 0, 0, 0, -113, -135, 244, 92, -35, -212, 41, 79, -338, -140, 231, 30,// 316frame
2963, 0, 0, 0, 0, 0, -112, -163, 142, 105, -17, -129, 144, 100, -11, -222, 38, 77,// 317frame
2967, 0, 0, 0, 0, 0, -109, -156, 151, 106, -7, -128, 131, 100, -15, -220, 44, 68,// 318frame
2972, 0, 0, 0, 0, 0, -114, -151, 153, 97, -18, -126, 144, 96, -13, -220, 39, 73,// 319frame
2976, 0, 0, 0, 0, 0, -109, -155, 150, 104, -11, -126, 141, 94, -14, -225, 46, 72,// 320frame
2984, 0, 0, 0, 0, 0, 0, 0, 0, 0, 0, 0, 0, 0, 0, 0, 0, 0,// 321frame
2992, 0, 0, 0, 0, 0, -108, -144, 180, 102, 69, -124, 60, 95, -8, -193, 44, 49,// 322frame
3000, 0, 0, 0, 0, 0, -101, -145, 171, 99, 72, -121, 53, 87, -10, -195, 50, 53,// 323frame
3008, 0, 0, 0, 0, 0, -105, -138, 195, 99, 88, -110, 40, 79, -7, -196, 40, 61,// 324frame
3016, 0, 0, 0, 0, 0, -101, -145, 184, 105, 80, -114, 52, 80, -6, -200, 43, 54,// 325frame
3017, 0, 0, 0, 0, 0, -170, -172, 254, 142, 81, -145, 24, 116, 103, -93, 55, 64,// 326frame
3018, 0, 0, 0, 0, 0, -163, -173, 237, 143, 74, -158, 27, 128, 99, -92, 60, 62,// 327frame
3019, 0, 0, 0, 0, 0, -162, -170, 238, 140, 75, -160, 25, 133, 96, -92, 63, 63,// 328frame
3020, 0, 0, 0, 0, 0, -160, -168, 236, 138, 75, -160, 25, 131, 99, -94, 60, 64,// 329frame
3021, 0, 0, 0, 0, 0, -160, -171, 238, 142, 77, -158, 24, 130, 101, -94, 58, 64,// 330frame
3022, 0, 0, 0, 0, 0, -162, -172, 237, 142, 74, -160, 25, 130, 98, -92, 58, 62,// 331frame
3033, 0, 0, 0, 0, 0, -40, -6, 43, 33, -55, 21, 30, 39, -100, 48, 54, 37,// 332frame
3044, 0, 0, 0, 0, 0, -30, -2, 37, 37, -52, 27, 31, 46, -84, 62, 40, 43,// 333frame
3055, 0, 0, 0, 0, 0, -13, -1, 27, 41, -11, 39, 21, 44, -8, 81, 26, 55,// 334frame
3066, 0, 0, 0, 0, 0, -1, -2, 31, 42, 17, 31, 33, 42, 41, 65, 49, 45,// 335frame
3077, 0, 0, 0, 0, 0, 1, 0, 38, 35, 22, 30, 36, 38, 50, 56, 67, 31,// 336frame
3087, 0, 0, 0, 0, 0, -8, -5, 28, 47, 1, 39, 29, 41, 17, 72, 40, 53,// 337frame
3098, 0, 0, 0, 0, 0, -20, -3, 28, 43, -27, 35, 25, 50, -44, 78, 31, 55,// 338frame
3109, 0, 0, 0, 0, 0, -19, -22, 25, 29, -16, 1, 24, 50, -16, 50, 22, 64,// 339frame
3120, 0, 0, 0, 0, 0, -19, -57, 27, 27, -22, -30, 29, 40, -20, 8, 31, 64,// 340frame
3131, 0, 0, 0, 0, 0, -15, -77, 25, 27, -17, -51, 24, 48, -9, -14, 25, 60,// 341frame
3141, 0, 0, 0, 0, 0, -9, -73, 25, 27, -13, -50, 19, 35, -12, -26, 23, 67,// 342frame
3151, 0, 0, 0, 0, 0, 1, -79, 26, 27, -8, -55, 22, 33, -7, -26, 23, 61,// 343frame
3161, 0, 0, 0, 0, 0, 11, -75, 26, 27, -9, -54, 29, 29, -9, -27, 29, 43,// 344frame
3171, 0, 0, 0, 0, 0, -16, 0, 19, 39, -13, 40, 16, 41, -11, 81, 16, 58,// 345frame
3182, 0, 0, 0, 0, 0, -16, -107, 25, 27, -16, -80, 38, 43, -15, -37, 37, 37,// 346frame
3183, 0, 0, 0, 0, 0, -63, -74, 159, 16, -86, -78, 214, 37, -139, -26, 284, 24,// 347frame
3184, 0, 0, 0, 0, 0, 15, -180, 75, 90, -70, -100, 132, 97, -112, -69, 42, 49,// 348frame
3185, 0, 0, 0, 0, 0, 6, -184, 78, 89, -73, -97, 148, 95, -110, -66, 36, 51,// 349frame
3186, 0, 0, 0, 0, 0, 29, -142, 85, 62, -67, -99, 126, 100, -110, -66, 45, 46,// 350frame
3187, 0, 0, 0, 0, 0, -80, -77, 142, 79, 62, -65, 34, 65, -113, -46, 35, 40,// 351frame
3188, 0, 0, 0, 0, 0, -178, -20, 346, 24, -99, -40, 230, 20, 37, -59, 80, 20,// 352frame
3189, 0, 0, 0, 0, 0, -150, -20, 260, 20, -96, -48, 204, 30, 7, -91, 107, 44,// 353frame
3190, 0, 0, 0, 0, 0, -63, -74, 159, 16, -93, -60, 214, 37, -139, -26, 284, 24,// 354frame
3192, 0, 0, 0, 0, 0, 0, 0, 0, 0, 0, 0, 0, 0, 0, 0, 0, 0,// 355frame
3193, 0, 0, 0, 0, 0, -170, -172, 254, 142, 81, -145, 24, 116, 103, -93, 55, 64,// 356frame
3194, 0, 0, 0, 0, 0, -163, -173, 237, 143, 74, -158, 27, 128, 99, -92, 60, 62,// 357frame
3195, 0, 0, 0, 0, 0, -170, -172, 254, 142, 81, -145, 24, 116, 103, -93, 55, 64,// 358frame
3196, 0, 0, 0, 0, 0, -163, -173, 237, 143, 74, -158, 27, 128, 99, -92, 60, 62,// 359frame
3207, 0, 0, 0, 0, 0, -18, -134, 26, 25, -19, -107, 33, 49, -15, -57, 28, 57,// 360frame
3218, 0, 0, 0, 0, 0, 25, -114, 23, 24, -3, -100, 33, 50, -7, -51, 29, 51,// 361frame
3229, 0, 0, 0, 0, 0, 25, -114, 22, 25, 1, -96, 29, 51, -12, -47, 33, 46,// 362frame
3240, 0, 0, 0, 0, 0, 23, -114, 25, 26, 1, -93, 29, 48, -10, -47, 32, 48,// 363frame
3251, 0, 0, 0, 0, 0, 40, -92, 24, 24, 3, -81, 39, 46, -13, -38, 35, 38,// 364frame
3262, 0, 0, 0, 0, 0, 39, -91, 26, 23, 1, -82, 43, 47, -11, -38, 34, 38,// 365frame
3273, 0, 0, 0, 0, 0, 41, -89, 25, 24, 4, -82, 43, 49, -9, -40, 31, 41,// 366frame
3284, 0, 0, 0, 0, 0, -50, -110, 25, 25, -28, -92, 30, 47, -13, -50, 34, 49,// 367frame
3295, 0, 0, 0, 0, 0, -49, -109, 22, 24, -31, -91, 33, 51, -15, -48, 35, 48,// 368frame
3306, 0, 0, 0, 0, 0, -51, -106, 23, 26, -35, -89, 35, 50, -15, -52, 34, 52,// 369frame
3317, 0, 0, 0, 0, 0, 15, -125, 43, 25, 7, -104, 38, 43, -3, -60, 41, 60,// 370frame
3329, 10, 81, 67, 0, 0, -11, -112, 32, 49, -17, -65, 40, 63, -4, -98, 77, 45,// 371frame
3340, 0, 0, 0, 0, 0, -3, -134, 24, 24, -18, -113, 42, 25, -12, -90, 34, 38,// 372frame
3352, 6, 61, 61, 0, 0, -36, -129, 59, 31, -13, -100, 103, 34, -4, -90, 94, 27,// 373frame
3363, 0, 0, 0, 0, 0, -19, -127, 51, 26, -25, -86, 18, 36, -9, -100, 33, 67,// 374frame
3374, 0, 0, 0, 0, 0, -11, -121, 24, 25, -22, -100, 44, 35, -15, -64, 38, 64,// 375frame
3385, 0, 0, 0, 0, 0, -3, -118, 25, 25, -24, -95, 53, 27, -19, -69, 43, 69,// 376frame
3397, 2, 57, 60, 0, 0, 14, -108, 25, 28, -2, -84, 37, 82, 2, -91, 72, 24,// 377frame
3407, 0, 0, 0, 0, 0, 8, -115, 26, 26, 2, -90, 35, 39, -2, -54, 37, 55,// 378frame
3418, 0, 0, 0, 0, 0, 15, -102, 27, 25, 4, -80, 41, 26, -13, -56, 43, 55,// 379frame
3429, 0, 0, 0, 0, 0, -2, -117, 23, 26, -15, -94, 42, 20, -18, -73, 40, 73,// 380frame
3440, 0, 0, 0, 0, 0, -18, -97, 39, 26, -3, -75, 22, 32, -27, -46, 72, 45,// 381frame
3451, 0, 0, 0, 0, 0, -37, -99, 47, 29, -33, -71, 33, 64, -4, -36, 40, 31,// 382frame
3463, 5, 56, 59, 0, 0, 6, -107, 25, 62, -10, -47, 50, 46, 1, -100, 68, 23,// 383frame
3473, 0, 0, 0, 0, 0, 4, -117, 40, 38, 4, -80, 25, 24, -21, -59, 45, 58,// 384frame
3483, 0, 0, 0, 0, 0, 7, -124, 38, 37, 14, -88, 19, 30, -18, -68, 40, 63,// 385frame
3494, 7, 80, 58, 0, 0, -12, -128, 26, 28, -19, -101, 45, 93, -14, -110, 74, 20,// 386frame
3504, 0, 0, 0, 0, 0, 1, -123, 28, 30, -11, -96, 32, 36, -21, -61, 46, 59,// 387frame
3515, 0, 0, 0, 0, 0, 1, -109, 25, 24, -11, -87, 30, 35, -19, -54, 45, 54,// 388frame
3526, 0, 0, 0, 0, 0, -2, -149, 17, 53, -21, -123, 27, 63, -20, -60, 43, 57,// 389frame
3537, 0, 0, 0, 0, 0, -15, -135, 35, 35, -15, -101, 22, 41, -18, -61, 38, 60,// 390frame
3548, 0, 0, 0, 0, 0, -15, -125, 26, 27, -10, -105, 34, 35, -15, -73, 38, 73,// 391frame
3560, 0, 0, 0, 0, 0, -19, -125, 25, 122, 3, -62, 31, 39, -64, -116, 46, 21,// 392frame
3572, 0, 0, 0, 0, 0, -20, -126, 23, 125, 1, -65, 28, 40, -70, -116, 52, 19,// 393frame
3583, 0, 0, 0, 0, 0, -29, -125, 28, 62, -9, -66, 32, 42, -84, -119, 56, 25,// 394frame
3593, 0, 0, 0, 0, 0, -72, -120, 66, 27, -15, -92, 18, 90, -2, -66, 25, 35,// 395frame
3602, 0, 0, 0, 0, 0, -18, -95, 21, 93, 2, -71, 20, 33, -79, -120, 69, 27,// 396frame
3612, 0, 0, 0, 0, 0, -25, -133, 40, 41, -12, -94, 19, 83, 5, -65, 36, 38,// 397frame
3624, 16, 61, 61, 0, 0, 57, -63, 31, 58, 4, -56, 52, 53, -2, -90, 176, 90,// 398frame
3636, 16, 61, 61, 0, 0, 57, -56, 30, 55, 15, -54, 42, 18, -10, -35, 51, 34,// 399frame
3637, 0, 0, 0, 0, 0, 0, 0, 0, 0, 0, 0, 0, 0, 0, 0, 0, 0,// 400frame
3648, 0, 0, 0, 0, 0, 13, -127, 28, 27, -4, -104, 39, 55, -15, -57, 30, 57,// 401frame
3659, 0, 0, 0, 0, 0, 15, -124, 29, 26, -1, -100, 40, 48, -12, -62, 27, 61,// 402frame
3670, 0, 0, 0, 0, 0, 15, -124, 29, 28, -2, -98, 42, 48, -15, -61, 33, 58,// 403frame
3681, 0, 0, 0, 0, 0, 15, -123, 30, 26, -7, -100, 45, 49, -23, -60, 43, 56,// 404frame
3692, 0, 0, 0, 0, 0, 16, -122, 29, 29, -1, -95, 40, 45, -25, -55, 50, 50,// 405frame
3703, 0, 0, 0, 0, 0, 18, -121, 27, 26, -7, -98, 44, 49, -24, -57, 48, 54,// 406frame
3714, 0, 0, 0, 0, 0, 18, -122, 27, 27, -5, -101, 43, 47, -19, -59, 43, 58,// 407frame
3724, 0, 0, 0, 0, 0, 15, -125, 27, 25, -8, -103, 43, 48, -15, -60, 31, 56,// 408frame
3736, 1, 121, 60, 0, 0, 11, -125, 31, 25, -15, -101, 40, 99, -2, -105, 45, 45,// 409frame
3748, 1, 121, 60, 0, 0, 14, -127, 33, 38, -20, -94, 44, 84, 7, -101, 41, 44,// 410frame
3760, 1, 121, 60, 0, 0, 11, -126, 31, 33, -12, -96, 39, 91, 4, -100, 39, 42,// 411frame
3772, 1, 121, 60, 0, 0, 10, -130, 35, 49, -11, -94, 41, 85, 3, -104, 41, 42,// 412frame
3784, 1, 121, 60, 0, 0, 12, -130, 33, 50, -15, -95, 45, 93, 6, -105, 38, 40,// 413frame
3796, 1, 121, 60, 0, 0, 4, -131, 41, 51, -26, -85, 46, 85, 4, -103, 40, 41,// 414frame
3806, 0, 0, 0, 0, 0, -13, -131, 27, 26, -20, -105, 36, 50, -19, -55, 34, 55,// 415frame
3816, 0, 0, 0, 0, 0, -12, -130, 26, 25, -20, -105, 36, 50, -18, -56, 33, 54,// 416frame
3827, 0, 0, 0, 0, 0, 15, -115, 31, 29, -7, -89, 51, 41, -19, -54, 44, 57,// 417frame
3838, 0, 0, 0, 0, 0, 17, -111, 26, 26, -9, -88, 51, 39, -19, -53, 44, 53,// 418frame
3849, 0, 0, 0, 0, 0, 15, -109, 27, 26, -9, -85, 53, 39, -19, -51, 44, 52,// 419frame
3861, 0, 0, 0, 0, 0, -6, -118, 24, 28, -15, -92, 40, 34, -16, -59, 39, 59,// 420frame
3873, 0, 0, 0, 0, 0, -5, -115, 26, 25, -16, -92, 42, 35, -18, -56, 41, 56,// 421frame
3885, 0, 0, 0, 0, 0, -6, -115, 25, 28, -17, -90, 42, 36, -18, -55, 41, 55,// 422frame
3897, 0, 0, 0, 0, 0, -6, -120, 27, 26, -31, -110, 85, 25, -18, -85, 40, 85,// 423frame
3909, 0, 0, 0, 0, 0, -13, -124, 29, 24, -35, -110, 90, 25, -23, -85, 46, 88,// 424frame
3921, 0, 0, 0, 0, 0, -19, -124, 27, 24, -33, -108, 69, 26, -23, -81, 45, 81,// 425frame
3933, 0, 0, 0, 0, 0, 3, -121, 30, 24, -15, -101, 73, 23, -14, -79, 41, 81,// 426frame
3945, 10, 56, 61, 0, 0, 1, -122, 49, 40, -15, -85, 39, 84, 11, -114, 63, 46,// 427frame
3956, 0, 0, 0, 0, 0, 2, -122, 28, 26, -15, -100, 62, 28, -13, -72, 39, 72,// 428frame
3968, 0, 0, 0, 0, 0, 12, -110, 30, 25, -7, -90, 31, 34, -18, -56, 40, 56,// 429frame
3980, 0, 0, 0, 0, 0, 6, -121, 28, 30, -21, -98, 85, 20, -21, -82, 46, 82,// 430frame
3981, 0, 0, 0, 0, 0, 0, 0, 0, 0, 0, 0, 0, 0, 0, 0, 0, 0,// 431frame
3982, 0, 0, 0, 0, 0, 0, 0, 0, 0, 0, 0, 0, 0, 0, 0, 0, 0,// 432frame
3983, 0, 0, 0, 0, 0, 0, 0, 0, 0, 0, 0, 0, 0, 0, 0, 0, 0,// 433frame
3984, 0, 0, 0, 0, 0, 0, 0, 0, 0, 0, 0, 0, 0, 0, 0, 0, 0,// 434frame
3987, 0, 0, 0, 0, 0, 0, 0, 0, 0, 0, 0, 0, 0, 0, 0, 0, 0,// 435frame
3988, 0, 0, 0, 0, 0, 0, 0, 0, 0, 0, 0, 0, 0, 0, 0, 0, 0,// 436frame
3989, 0, 0, 0, 0, 0, 0, 0, 0, 0, 0, 0, 0, 0, 0, 0, 0, 0,// 437frame
3990, 0, 0, 0, 0, 0, 0, 0, 0, 0, 0, 0, 0, 0, 0, 0, 0, 0,// 438frame
4001, 0, 0, 0, 0, 0, -2, -126, 25, 26, -18, -101, 50, 45, -23, -56, 46, 55,// 439frame
4012, 0, 0, 0, 0, 0, 15, -121, 28, 26, -5, -104, 39, 44, -14, -60, 40, 58,// 440frame
4024, 10, 56, 61, 0, 0, 8, -107, 58, 44, -14, -65, 50, 64, 16, -91, 82, 29,// 441frame
4035, 2, 56, 59, 0, 0, 26, -117, 30, 27, 1, -97, 65, 34, -11, -65, 44, 66,// 442frame
4046, 0, 0, 0, 0, 0, 6, -120, 25, 22, -18, -102, 47, 42, -10, -60, 33, 59,// 443frame
4058, 10, 56, 61, 0, 0, 9, -116, 51, 53, -6, -69, 47, 71, 25, -91, 72, 26,// 444frame
4069, 0, 0, 0, 0, 0, 9, -115, 25, 24, -8, -93, 53, 32, -9, -60, 39, 59,// 445frame
4081, 10, 60, 60, 0, 0, -32, -129, 41, 67, -9, -70, 28, 70, -5, -79, 94, 62,// 446frame
4092, 4, 56, 59, 0, 0, -19, -129, 26, 26, -23, -105, 38, 44, -10, -64, 58, 52,// 447frame
4103, 0, 0, 0, 0, 0, 12, -118, 27, 25, -4, -94, 49, 41, -20, -56, 42, 54,// 448frame
4114, 0, 0, 0, 0, 0, -12, -130, 29, 28, -10, -103, 44, 40, -16, -64, 38, 63,// 449frame
4125, 0, 0, 0, 0, 0, -44, -125, 28, 28, -18, -144, 26, 86, -20, -60, 42, 60,// 450frame
4136, 0, 0, 0, 0, 0, -48, -131, 33, 41, -29, -93, 33, 36, -19, -60, 40, 60,// 451frame
4148, 10, 66, 66, 0, 0, 27, -50, 49, 47, -24, -38, 54, 38, 1, -47, 109, 46,// 452frame
4159, 0, 0, 0, 0, 0, 43, -54, 27, 28, 25, -31, 68, 29, -28, -35, 56, 35,// 453frame
4170, 0, 0, 0, 0, 0, 16, -88, 26, 25, -4, -67, 39, 37, -21, -34, 48, 34,// 454frame
4181, 0, 0, 0, 0, 0, 14, -106, 24, 26, -4, -82, 27, 35, -15, -47, 40, 47,// 455frame
4190, 0, 0, 0, 0, 0, -2, -131, 30, 29, -10, -105, 28, 50, -19, -55, 32, 54,// 456frame
4201, 0, 0, 0, 0, 0, 1, -134, 27, 28, -14, -107, 58, 42, -23, -67, 46, 63,// 457frame
4212, 0, 0, 0, 0, 0, 1, -136, 29, 29, -29, -110, 79, 36, -34, -74, 64, 64,// 458frame
4223, 0, 0, 0, 0, 0, 3, -135, 27, 26, -30, -110, 81, 25, -32, -85, 66, 64,// 459frame
4234, 0, 0, 0, 0, 0, -2, -133, 29, 30, -25, -105, 68, 42, -34, -64, 69, 63,// 460frame
4244, 0, 0, 0, 0, 0, -1, -131, 28, 27, -18, -106, 45, 46, -31, -60, 46, 58,// 461frame
4261, 0, 0, 0, 0, 0, 48, -111, 83, 56, -73, -96, 129, 98, -132, -71, 61, 40,// 462frame
4278, 0, 0, 0, 0, 0, 49, -110, 83, 55, -78, -98, 136, 101, -130, -71, 56, 44,// 463frame
4295, 0, 0, 0, 0, 0, 47, -110, 82, 56, -79, -97, 136, 97, -129, -70, 52, 40,// 464frame
4312, 0, 0, 0, 0, 0, 1, -118, 132, 89, -60, -97, 62, 47, -114, -70, 97, 75,// 465frame
4329, 0, 0, 0, 0, 0, 15, -125, 124, 79, -53, -108, 72, 48, -113, -92, 72, 74,// 466frame
4346, 0, 0, 0, 0, 0, -52, -123, 70, 49, 16, -145, 121, 85, -127, -110, 77, 68,// 467frame
4363, 0, 0, 0, 0, 0, 17, -129, 116, 87, -46, -110, 64, 44, -124, -100, 80, 76,// 468frame
4380, 0, 0, 0, 0, 0, 11, -115, 120, 91, -45, -105, 60, 47, -113, -93, 73, 88,// 469frame
4397, 0, 0, 0, 0, 0, 47, -89, 88, 56, -76, -85, 129, 87, -116, -62, 45, 44,// 470frame
4414, 0, 0, 0, 0, 0, 36, -81, 84, 54, -80, -74, 124, 77, -120, -51, 41, 41,// 471frame
4432, 10, 61, 61, 0, 0, -96, -102, 111, 68, 23, -132, 101, 92, 12, -135, 116, 99,// 472frame
4449, 0, 0, 0, 0, 0, 10, -138, 89, 109, -62, -108, 76, 58, -105, -76, 87, 80,// 473frame
4466, 0, 0, 0, 0, 0, -2, -183, 104, 93, -56, -133, 56, 63, -108, -80, 84, 80,// 474frame
4483, 0, 0, 0, 0, 0, -62, -225, 130, 88, -62, -140, 73, 55, -91, -93, 74, 93,// 475frame
4502, 10, 66, 66, 0, 0, -105, -56, 235, 56, -60, -73, 157, 19, -10, -160, 178, 161,// 476frame
4520, 0, 0, 0, 0, 0, -63, -74, 159, 16, -93, -60, 214, 37, -139, -26, 284, 24,// 477frame
4537, 0, 0, 0, 0, 0, 15, -180, 75, 90, -70, -100, 132, 97, -112, -69, 42, 49,// 478frame
4554, 0, 0, 0, 0, 0, 6, -184, 78, 89, -73, -97, 148, 95, -110, -66, 36, 51,// 479frame
4571, 0, 0, 0, 0, 0, 29, -142, 85, 62, -67, -99, 126, 100, -110, -66, 45, 46,// 480frame
4588, 0, 0, 0, 0, 0, -80, -77, 142, 79, 62, -65, 34, 65, -113, -46, 35, 40,// 481frame
4605, 0, 0, 0, 0, 0, -178, -20, 346, 24, -99, -40, 230, 20, 37, -59, 80, 20,// 482frame
4622, 0, 0, 0, 0, 0, -150, -20, 260, 20, -96, -48, 204, 30, 7, -91, 107, 44,// 483frame
4639, 0, 0, 0, 0, 0, -63, -74, 159, 16, -93, -60, 214, 37, -139, -26, 284, 24,// 484frame
4656, 0, 0, 0, 0, 0, -13, -218, 89, 55, -26, -165, 124, 80, -73, -88, 102, 93,// 485frame
4673, 0, 0, 0, 0, 0, -23, -212, 102, 127, -50, -100, 75, 105, -90, -67, 42, 52,// 486frame
4690, 0, 0, 0, 0, 0, -24, -211, 103, 129, -53, -93, 82, 98, -93, -64, 44, 49,// 487frame
4707, 0, 0, 0, 0, 0, -15, -227, 102, 113, -68, -160, 96, 165, -102, -49, 33, 43,// 488frame
4724, 0, 0, 0, 0, 0, -22, -233, 96, 123, -76, -166, 103, 171, -104, -39, 31, 34,// 489frame
4743, 10, 61, 61, 0, 0, 25, -199, 103, 113, -28, -115, 86, 125, 14, -159, 166, 78,// 490frame
4760, 0, 0, 0, 0, 0, 9, -211, 101, 131, -41, -109, 86, 119, -90, -64, 52, 45,// 491frame
4777, 0, 0, 0, 0, 0, 2, -235, 110, 136, -41, -103, 87, 108, -98, -65, 59, 50,// 492frame
4794, 0, 0, 0, 0, 0, -13, -252, 100, 152, -51, -103, 99, 109, -91, -66, 41, 56,// 493frame
4812, 10, 66, 66, 0, 0, -45, -117, 96, 124, 17, -156, 128, 116, 32, -165, 125, 103,// 494frame
4829, 0, 0, 0, 0, 0, 89, -129, 81, 79, -37, -105, 157, 109, -86, -68, 52, 44,// 495frame
4840, 0, 0, 0, 0, 0, -13, -156, 29, 26, -13, -132, 23, 54, -15, -80, 22, 55,// 496frame
4851, 0, 0, 0, 0, 0, -13, -156, 29, 26, -12, -131, 27, 55, -7, -79, 23, 54,// 497frame
4862, 0, 0, 0, 0, 0, -13, -156, 29, 26, -13, -132, 23, 54, -19, -78, 21, 52,// 498frame
4873, 0, 0, 0, 0, 0, -21, -152, 22, 24, -13, -132, 23, 54, -6, -80, 27, 56,// 499frame
4884, 0, 0, 0, 0, 0, -33, -145, 27, 27, -13, -129, 28, 48, -4, -83, 32, 57,// 500frame
4885, 0, 0, 0, 0, 0, 0, 0, 0, 0, 0, 0, 0, 0, 0, 0, 0, 0,// 501frame
4897, 0, 0, 0, 0, 0, 3, -121, 30, 24, -16, -100, 54, 35, -17, -64, 41, 63,// 502frame
4909, 0, 0, 0, 0, 0, -7, -120, 28, 24, -32, -108, 74, 30, -20, -79, 41, 79,// 503frame
4921, 0, 0, 0, 0, 0, -13, -124, 28, 26, -38, -110, 90, 35, -23, -76, 46, 74,// 504frame
4933, 0, 0, 0, 0, 0, -27, -125, 30, 25, -50, -105, 72, 35, -21, -72, 44, 72,// 505frame
4945, 0, 0, 0, 0, 0, -6, -134, 33, 34, -7, -99, 44, 40, -20, -59, 43, 61,// 506frame
4956, 0, 0, 0, 0, 0, 31, -100, 31, 25, -2, -85, 86, 29, -19, -59, 44, 59,// 507frame
4967, 0, 0, 0, 0, 0, 16, -115, 30, 26, -6, -92, 58, 37, -21, -58, 45, 58,// 508frame
4979, 10, 66, 66, 0, 0, -1, -99, 62, 43, -16, -59, 37, 59, -3, -102, 93, 50,// 509frame
4991, 0, 0, 0, 0, 0, -1, -130, 26, 26, -10, -106, 38, 48, -19, -58, 41, 58,// 510frame
5003, 0, 0, 0, 0, 0, -1, -130, 26, 26, -11, -103, 36, 46, -20, -56, 41, 54,// 511frame
5015, 0, 0, 0, 0, 0, -1, -130, 26, 26, -9, -105, 35, 51, -20, -55, 44, 56,// 512frame
5027, 0, 0, 0, 0, 0, -13, -130, 29, 26, -16, -106, 41, 48, -22, -59, 43, 59,// 513frame
5039, 0, 0, 0, 0, 0, -16, -132, 27, 29, -27, -102, 45, 42, -20, -60, 42, 59,// 514frame
5053, 10, 55, 59, 295, 0, 3, -100, 70, 41, -22, -56, 57, 55, 7, -107, 147, 88,// 515frame
5066, 0, 0, 0, 0, 0, 45, -89, 28, 27, 8, -79, 39, 32, -20, -50, 56, 48,// 516frame
5079, 0, 0, 0, 0, 0, 45, -88, 30, 26, 9, -78, 40, 30, -17, -50, 53, 50,// 517frame
5091, 0, 0, 0, 0, 0, 46, -90, 28, 28, 5, -75, 42, 32, -22, -51, 58, 49,// 518frame
5103, 0, 0, 0, 0, 0, 15, -124, 27, 29, -3, -98, 36, 43, -21, -55, 47, 54,// 519frame
5117, 10, 57, 58, 355, 0, 5, -115, 38, 60, -33, -59, 55, 57, -89, -117, 249, 92,// 520frame
5130, 0, 0, 0, 0, 0, 9, -121, 33, 31, -5, -93, 38, 40, -29, -56, 52, 57,// 521frame
5142, 0, 0, 0, 0, 0, 10, -125, 31, 30, 1, -100, 44, 47, -23, -54, 51, 54,// 522frame
5154, 0, 0, 0, 0, 0, -8, -125, 24, 25, -21, -105, 33, 49, -33, -57, 47, 57,// 523frame
5168, 10, 56, 66, 160, 0, 8, -91, 80, 41, -13, -58, 46, 53, 21, -147, 142, 140,// 524frame
5181, 0, 0, 0, 0, 0, 62, -75, 28, 30, 12, -69, 54, 32, -11, -42, 58, 42,// 525frame
5193, 0, 0, 0, 0, 0, 61, -77, 29, 29, 17, -65, 47, 26, -6, -45, 54, 45,// 526frame
5205, 0, 0, 0, 0, 0, 49, -108, 29, 28, 12, -93, 44, 36, -22, -59, 51, 58,// 527frame
5217, 0, 0, 0, 0, 0, 37, -106, 28, 27, -2, -94, 45, 39, -19, -55, 48, 50,// 528frame
5231, 10, 60, 60, 2, 0, 5, -69, 79, 30, -31, -42, 78, 41, -7, -104, 173, 84,// 529frame
5244, 0, 0, 0, 0, 0, 55, -70, 29, 31, 4, -69, 54, 31, -21, -41, 68, 41,// 530frame
5256, 0, 0, 0, 0, 0, 56, -69, 28, 31, 6, -71, 51, 33, -26, -40, 69, 40,// 531frame
5268, 0, 0, 0, 0, 0, 17, -122, 27, 25, -9, -95, 48, 39, -23, -57, 50, 57,// 532frame
5280, 0, 0, 0, 0, 0, 10, -126, 28, 26, -3, -100, 38, 47, -23, -55, 51, 55,// 533frame
5292, 0, 0, 0, 0, 0, -1, -129, 26, 26, -17, -102, 42, 44, -21, -58, 45, 58,// 534frame
5304, 0, 0, 0, 0, 0, -1, -129, 26, 26, -15, -101, 41, 45, -21, -58, 45, 58,// 535frame
5316, 0, 0, 0, 0, 0, -1, -129, 26, 26, -14, -102, 40, 45, -21, -58, 45, 58,// 536frame
5327, 0, 0, 0, 0, 0, 2, -101, 31, 25, -22, -82, 75, 22, -24, -60, 50, 38,// 537frame
5339, 0, 0, 0, 0, 0, 1, -105, 29, 22, -27, -87, 79, 17, -28, -62, 46, 39,// 538frame
5352, 0, 0, 0, 0, 0, 3, -106, 27, 21, -30, -90, 85, 18, -29, -60, 46, 40,// 539frame
5365, 0, 0, 0, 0, 0, 5, -105, 29, 25, -28, -86, 85, 16, -35, -50, 47, 35,// 540frame
5378, 0, 0, 0, 0, 0, 13, -89, 25, 26, -23, -71, 84, 16, -39, -36, 52, 31,// 541frame
5391, 0, 0, 0, 0, 0, 19, -67, 28, 22, -15, -53, 85, 19, -40, -16, 65, 16,// 542frame
5404, 0, 0, 0, 0, 0, 12, -22, 27, 21, -27, -11, 88, 16, -58, -26, 58, 20,// 543frame
5416, 0, 0, 0, 0, 0, 21, -32, 28, 20, -7, -20, 80, 15, -62, -30, 67, 22,// 544frame
5427, 0, 0, 0, 0, 0, 28, -40, 27, 22, -7, -27, 84, 15, -54, -11, 69, 14,// 545frame
5438, 0, 0, 0, 0, 0, 12, -24, 27, 21, -22, -10, 88, 14, -51, -10, 41, 10,// 546frame
5453, 0, 0, 0, 0, 0, -38, -119, 25, 29, -39, -98, 57, 42, -11, -58, 30, 59,// 547frame
5468, 0, 0, 0, 0, 0, -36, -111, 28, 23, -24, -94, 54, 39, -3, -54, 34, 52,// 548frame
5483, 0, 0, 0, 0, 0, -29, -104, 25, 26, -12, -85, 57, 34, -11, -52, 44, 52,// 549frame
5498, 0, 0, 0, 0, 0, -22, -92, 25, 23, 2, -74, 46, 26, -13, -46, 49, 46,// 550frame
5513, 0, 0, 0, 0, 0, -23, -82, 26, 26, 2, -69, 43, 29, -20, -35, 60, 34,// 551frame
5528, 0, 0, 0, 0, 0, -30, -69, 26, 26, -4, -63, 48, 34, -24, -32, 69, 32,// 552frame
5543, 0, 0, 0, 0, 0, -31, -54, 27, 27, -4, -50, 52, 25, -34, -26, 83, 26,// 553frame
5554, 0, 0, 0, 0, 0, -53, -18, 28, 20, -69, -12, 26, 13, -26, -15, 68, 17,// 554frame
5564, 0, 0, 0, 0, 0, -53, -31, 30, 21, -72, -11, 43, 13, -28, -13, 72, 14,// 555frame
5572, 0, 0, 0, 0, 0, -51, -20, 27, 20, -74, -12, 24, 12, -26, -13, 69, 14,// 556frame
5583, 0, 0, 0, 0, 0, -1, 0, 1, 0, 0, -1, 2, 0, 0, 0, 0, 1,// 557frame
5594, 0, 0, 0, 0, 0, 2, 0, 4, 1, -1, -2, 3, 2, 0, 0, 2, 5,// 558frame
5605, 0, 0, 0, 0, 0, -3, -4, 2, 3, -1, 0, 4, 0, -2, 0, 0, 1,// 559frame
5616, 0, 0, 0, 0, 0, -1, 0, 1, 5, -1, 0, 0, 0, -4, 0, 2, 1,// 560frame
5627, 0, 0, 0, 0, 0, -2, -4, 1, 0, 0, -4, 0, 3, -1, -1, 0, 1,// 561frame
5638, 0, 0, 0, 0, 0, 0, 0, 0, 0, -3, -1, 1, 0, -4, 0, 0, 0,// 562frame
5646, 0, 0, 0, 0, 0, -2, 0, 0, 1, 0, 0, 0, 0, 0, 0, 0, 0,// 563frame
5658, 10, 61, 61, 0, 0, 9, -116, 51, 53, -6, -69, 47, 71, 22, -90, 76, 29,// 564frame
5669, 0, 0, 0, 0, 0, -22, -125, 28, 25, -24, -100, 56, 41, -23, -59, 46, 59,// 565frame
5683, 10, 60, 60, 2, 0, -2, -101, 37, 36, -49, -73, 49, 62, -195, -92, 338, 35,// 566frame
5695, 0, 0, 0, 0, 0, 1, -101, 34, 28, -7, -73, 42, 32, -29, -42, 50, 41,// 567frame
5707, 0, 0, 0, 0, 0, -8, -104, 33, 28, -18, -80, 33, 33, -26, -47, 50, 46,// 568frame
5720, 10, 60, 60, 2, 0, -2, -101, 37, 36, -49, -73, 49, 62, -6, -91, 128, 35,// 569frame
5731, 0, 0, 0, 0, 0, -1, 34, 26, 33, -2, 0, 16, 38, -60, -15, 69, 18,// 570frame
5742, 0, 0, 0, 0, 0, 3, 13, 30, 28, -15, -8, 34, 22, -85, -13, 71, 15,// 571frame
5753, 0, 0, 0, 0, 0, -30, 31, 30, 32, -19, -5, 22, 41, -7, -15, 66, 19,// 572frame
5764, 0, 0, 0, 0, 0, -30, 31, 30, 32, -19, -5, 22, 41, -7, -15, 66, 19,// 573frame
5779, 0, 0, 0, 0, 0, -49, -108, 22, 23, -24, -97, 40, 45, -13, -51, 32, 51,// 574frame
5794, 0, 0, 0, 0, 0, -58, -106, 28, 26, -31, -97, 46, 32, 1, -70, 46, 48,// 575frame
5809, 0, 0, 0, 0, 0, -60, -74, 28, 27, -34, -75, 49, 25, 14, -74, 48, 36,// 576frame
5824, 0, 0, 0, 0, 0, -66, -34, 27, 27, -39, -40, 42, 25, 1, -65, 53, 38,// 577frame
5839, 0, 0, 0, 0, 0, -70, -27, 27, 27, -44, -14, 51, 19, 4, -13, 62, 18,// 578frame
5852, 0, 0, 0, 0, 0, -70, -25, 30, 26, -42, -15, 46, 17, 1, -15, 62, 18,// 579frame
5865, 0, 0, 0, 0, 0, -68, -32, 29, 27, -40, -49, 39, 36, -1, -59, 50, 33,// 580frame
5879, 0, 0, 0, 0, 0, -4, -119, 31, 29, -17, -98, 24, 41, -10, -58, 33, 53,// 581frame
5893, 0, 0, 0, 0, 0, -54, -90, 33, 29, -34, -70, 36, 35, -6, -45, 54, 32,// 582frame
5907, 0, 0, 0, 0, 0, -55, -67, 31, 28, -33, -44, 40, 24, 1, -44, 67, 19,// 583frame
5921, 0, 0, 0, 0, 0, -67, -26, 28, 26, -45, -15, 45, 20, -1, -13, 64, 18,// 584frame
5934, 0, 0, 0, 0, 0, -68, -30, 28, 29, -43, -25, 43, 15, -4, -37, 69, 23,// 585frame
5948, 0, 0, 0, 0, 0, -40, -112, 31, 28, -24, -83, 30, 29, -1, -62, 38, 47,// 586frame
5961, 0, 0, 0, 0, 0, -72, -24, 32, 24, -42, -15, 54, 18, 8, -15, 57, 18,// 587frame
5974, 0, 0, 0, 0, 0, -53, -66, 28, 28, -33, -53, 39, 34, 4, -55, 56, 26,// 588frame
5986, 0, 0, 0, 0, 0, 18, -122, 31, 31, -6, -102, 36, 42, -20, -60, 33, 58,// 589frame
5998, 0, 0, 0, 0, 0, 22, -117, 31, 27, -4, -98, 37, 43, -14, -58, 29, 58,// 590frame
6010, 0, 0, 0, 0, 0, 19, -118, 31, 30, -7, -101, 37, 44, -15, -61, 33, 58,// 591frame
6022, 0, 0, 0, 0, 0, 21, -117, 31, 30, -7, -95, 38, 42, -22, -57, 42, 56,// 592frame
6034, 0, 0, 0, 0, 0, 20, -115, 32, 30, -6, -95, 39, 45, -26, -53, 50, 48,// 593frame
6046, 0, 0, 0, 0, 0, 22, -115, 29, 31, -9, -96, 39, 42, -27, -57, 48, 57,// 594frame
6058, 0, 0, 0, 0, 0, 22, -116, 30, 27, -6, -97, 37, 46, -20, -59, 43, 60,// 595frame
6069, 0, 0, 0, 0, 0, 16, -120, 32, 30, -11, -98, 38, 50, -25, -52, 35, 49,// 596frame
6081, 0, 0, 0, 0, 0, 19, -108, 32, 31, -15, -92, 45, 48, -20, -50, 42, 50,// 597frame
6093, 0, 0, 0, 0, 0, 19, -109, 32, 33, -13, -87, 42, 41, -21, -48, 41, 49,// 598frame
6105, 0, 0, 0, 0, 0, 20, -106, 30, 30, -10, -90, 40, 44, -22, -50, 43, 52,// 599frame
6111, 0, 0, 0, 0, 0, -8, -81, 7, 8, -9, -74, 8, 12, -19, -63, 30, 63,// 600frame
6117, 0, 0, 0, 0, 0, 14, -71, 3, 5, 9, -77, 12, 20, -7, -57, 37, 57,// 601frame
6123, 0, 0, 0, 0, 0, 20, -48, 7, 1, 17, -53, 10, 11, 6, -40, 32, 40,// 602frame
6129, 0, 0, 0, 0, 0, 23, -55, 6, 8, 19, -58, 12, 17, 5, -35, 33, 35,// 603frame
6135, 0, 0, 0, 0, 0, 30, -49, 9, 4, 28, -54, 11, 13, 13, -40, 29, 41,// 604frame
6141, 0, 0, 0, 0, 0, 75, -9, 1, 5, 65, -12, 13, 7, -20, -18, 83, 20,// 605frame
6152, 0, 0, 0, 0, 0, 8, -90, 30, 29, -23, -70, 44, 36, -41, -35, 61, 34,// 606frame
6164, 10, 157, 157, 0, 0, 27, -134, 44, 65, 9, -69, 46, 64, 5, -152, 117, 95,// 607frame
6165, 0, 0, 0, 0, 0, 0, 0, 0, 0, 0, 0, 0, 0, 0, 0, 0, 0,// 608frame
6166, 0, 0, 0, 0, 0, 0, 0, 0, 0, 0, 0, 0, 0, 0, 0, 0, 0,// 609frame
6167, 0, 0, 0, 0, 0, 0, 0, 0, 0, 0, 0, 0, 0, 0, 0, 0, 0,// 610frame
6178, 0, 0, 0, 0, 0, -10, -121, 31, 26, -23, -100, 39, 40, -31, -68, 63, 48,// 611frame
6189, 0, 0, 0, 0, 0, 8, -90, 30, 29, -23, -70, 44, 36, -41, -35, 61, 34,// 612frame
6201, 10, 159, 159, 0, 0, 15, -91, 32, 41, -31, -57, 51, 58, -12, -69, 58, 70,// 613frame
6213, 0, 0, 0, 0, 0, -14, -111, 33, 27, -20, -89, 37, 43, -41, -48, 67, 29,// 614frame
6226, 10, 158, 158, 0, 0, -1, -115, 31, 31, -18, -87, 46, 62, -10, -72, 108, 43,// 615frame
6243, 0, 0, 0, 0, 0, -64, -175, 107, 108, -98, -126, 207, 41, -90, -71, 151, 70,// 616frame
6260, 0, 0, 0, 0, 0, -66, -169, 110, 102, -102, -125, 209, 44, -89, -70, 146, 71,// 617frame
6277, 0, 0, 0, 0, 0, -66, -165, 105, 101, -104, -123, 211, 43, -85, -68, 144, 68,// 618frame
6294, 0, 0, 0, 0, 0, -68, -150, 111, 100, -105, -114, 212, 48, -84, -53, 147, 53,// 619frame
6311, 0, 0, 0, 0, 0, -71, -141, 110, 102, -105, -100, 211, 50, -81, -41, 144, 42,// 620frame
6325, 0, 0, 0, 0, 0, -55, -144, 107, 97, 50, -90, 41, 38, -42, -47, 105, 47,// 621frame
6343, 10, 66, 66, 0, 0, -67, -149, 112, 109, -107, -99, 212, 51, -83, -41, 152, 46,// 622frame
6356, 0, 0, 0, 0, 0, 17, -112, 28, 26, -7, -87, 35, 38, -20, -51, 42, 50,// 623frame
6370, 0, 0, 0, 0, 0, 12, -113, 27, 26, -7, -90, 38, 43, -20, -53, 38, 52,// 624frame
6372, 0, 0, 0, 0, 0, -22, -163, 42, 50, -21, -112, 41, 48, -21, -64, 40, 64,// 625frame
6374, 0, 0, 0, 0, 0, -20, -163, 40, 51, -21, -112, 39, 46, -20, -65, 38, 67,// 626frame
6375, 0, 0, 0, 0, 0, 0, 0, 0, 0, 0, 0, 0, 0, 0, 0, 0, 0,// 627frame
6376, 0, 0, 0, 0, 0, 0, 0, 0, 0, 0, 0, 0, 0, 0, 0, 0, 0,// 628frame
6393, 0, 0, 0, 0, 0, -68, -161, 113, 95, -103, -122, 214, 38, -81, -65, 135, 64,// 629frame
6410, 0, 0, 0, 0, 0, -64, -169, 110, 101, -104, -123, 213, 37, -66, -68, 119, 65,// 630frame
6427, 0, 0, 0, 0, 0, -65, -165, 110, 104, -101, -119, 209, 38, -65, -60, 113, 57,// 631frame
6444, 0, 0, 0, 0, 0, -65, -169, 110, 106, -98, -119, 208, 37, -62, -65, 111, 65,// 632frame
6461, 0, 0, 0, 0, 0, -67, -170, 115, 106, -100, -124, 208, 39, -67, -65, 128, 63,// 633frame
6478, 0, 0, 0, 0, 0, -53, -220, 103, 107, -90, -171, 203, 49, -57, -113, 104, 89,// 634frame
6496, 10, 66, 66, 0, 0, -49, -217, 112, 175, -93, -180, 204, 56, -75, -119, 147, 78,// 635frame
6514, 0, 0, 0, 0, 0, -67, -165, 112, 98, 43, -120, 78, 38, -89, -66, 141, 65,// 636frame
6531, 0, 0, 0, 0, 0, -66, -166, 108, 100, 41, -120, 75, 41, -84, -66, 135, 66,// 637frame
6548, 0, 0, 0, 0, 0, -66, -170, 107, 105, 40, -119, 73, 39, -87, -68, 144, 68,// 638frame
6565, 0, 0, 0, 0, 0, -61, -169, 106, 105, -112, -132, 222, 41, -91, -67, 150, 68,// 639frame
6582, 0, 0, 0, 0, 0, -65, -163, 108, 103, -109, -130, 218, 45, -87, -62, 139, 62,// 640frame
6601, 10, 56, 61, 0, 0, -62, -161, 114, 96, -86, -66, 131, 66, -45, -140, 189, 52,// 641frame
6618, 0, 0, 0, 0, 0, -64, -165, 118, 99, 55, -114, 20, 35, -87, -64, 130, 65,// 642frame
6637, 10, 56, 61, 0, 0, -73, -166, 114, 105, -82, -63, 136, 62, -8, -141, 190, 56,// 643frame
6655, 0, 0, 0, 0, 0, -66, -169, 116, 104, -100, -125, 224, 38, -90, -65, 147, 65,// 644frame
6672, 0, 0, 0, 0, 0, -70, -165, 111, 100, -93, -121, 204, 35, -83, -68, 141, 68,// 645frame
6689, 0, 0, 0, 0, 0, 0, 0, 0, 0, 0, 0, 0, 0, 0, 0, 0, 0,// 646frame
6707, 0, 0, 0, 0, 0, -63, -167, 105, 102, -142, -138, 269, 38, -83, -67, 142, 67,// 647frame
6726, 0, 0, 0, 0, 0, -64, -166, 107, 102, -133, -137, 254, 36, -82, -65, 141, 64,// 648frame
6733, 0, 0, 0, 0, 0, -35, -65, 62, 64, 26, -45, 24, 45, -54, -50, 21, 48,// 649frame
6740, 0, 0, 0, 0, 0, -46, -67, 74, 28, -57, -37, 106, 36, 29, -51, 7, 19,// 650frame
6747, 0, 0, 0, 0, 0, -45, -64, 72, 32, -60, -32, 111, 29, 26, -51, 11, 24,// 651frame
6754, 0, 0, 0, 0, 0, -41, -65, 68, 32, -46, -34, 93, 31, 28, -51, 10, 18,// 652frame
6761, 0, 0, 0, 0, 0, -44, -70, 70, 35, -55, -34, 92, 30, 25, -56, 12, 26,// 653frame
6768, 0, 0, 0, 0, 0, -45, -69, 68, 34, -65, -34, 104, 29, 21, -60, 15, 29,// 654frame
6775, 0, 0, 0, 0, 0, -40, -54, 72, 28, -49, -25, 97, 24, 30, -45, 12, 20,// 655frame
6782, 0, 0, 0, 0, 0, -39, -53, 68, 32, -50, -20, 100, 19, 30, -40, 13, 22,// 656frame
6790, 10, 60, 60, 0, 0, -43, -77, 73, 28, -64, -53, 124, 25, -58, -69, 125, 47,// 657frame
6797, 0, 0, 0, 0, 0, -45, -75, 74, 29, -54, -47, 107, 27, 29, -57, 15, 11,// 658frame
6803, 0, 0, 0, 0, 0, 0, 0, 0, 0, 0, 0, 0, 0, 0, 0, 0, 0,// 659frame
6804, 0, 0, 0, 0, 0, 0, 0, 0, 0, 0, 0, 0, 0, 0, 0, 0, 0,// 660frame
6811, 0, 0, 0, 0, 0, -26, -77, 51, 16, -49, -49, 99, 34, -42, -61, 82, 12,// 661frame
6818, 0, 0, 0, 0, 0, -25, -95, 58, 16, -32, -83, 95, 35, -36, -50, 44, 31,// 662frame
6825, 0, 0, 0, 0, 0, -37, -111, 40, 75, -21, -37, 66, 25, 1, -66, 41, 30,// 663frame
6832, 0, 0, 0, 0, 0, -63, -70, 111, 20, -35, -49, 99, 20, -17, -28, 52, 13,// 664frame
6839, 0, 0, 0, 0, 0, -15, -100, 46, 70, -49, -40, 30, 39, -18, -31, 36, 16,// 665frame
6846, 0, 0, 0, 0, 0, -56, -82, 73, 27, -28, -54, 59, 26, 3, -29, 32, 32,// 666frame
6861, 0, 0, 0, 0, 0, -43, -116, 89, 37, -88, -63, 178, 62, -43, -78, 62, 15,// 667frame
6876, 0, 0, 0, 0, 0, -42, -116, 90, 36, -91, -65, 173, 67, -43, -81, 58, 17,// 668frame
6891, 0, 0, 0, 0, 0, -41, -115, 86, 37, -91, -61, 170, 62, -42, -78, 66, 16,// 669frame
6906, 0, 0, 0, 0, 0, -41, -119, 87, 38, -91, -67, 171, 65, -45, -81, 66, 16,// 670frame
6920, 0, 0, 0, 0, 0, -41, -117, 90, 35, -88, -65, 167, 64, -40, -81, 60, 17,// 671frame
6935, 0, 0, 0, 0, 0, -38, -119, 85, 35, -83, -68, 166, 62, -43, -82, 60, 17,// 672frame
6950, 0, 0, 0, 0, 0, -39, -120, 84, 45, -81, -72, 130, 72, 48, -50, 49, 45,// 673frame
6965, 0, 0, 0, 0, 0, -38, -118, 85, 34, -90, -60, 170, 60, -46, -77, 71, 17,// 674frame
6978, 0, 0, 0, 0, 0, -36, -111, 86, 37, -84, -64, 155, 63, -43, -75, 70, 11,// 675frame
6979, 0, 0, 0, 0, 0, 0, 0, 0, 0, 0, 0, 0, 0, 0, 0, 0, 0,// 676frame
6980, 0, 0, 0, 0, 0, 0, 0, 0, 0, 0, 0, 0, 0, 0, 0, 0, 0,// 677frame
6995, 0, 0, 0, 0, 0, -37, -114, 80, 47, -76, -65, 146, 63, -100, -45, 28, 43,// 678frame
7010, 0, 0, 0, 0, 0, -44, -114, 85, 50, -75, -62, 149, 62, -96, -47, 24, 50,// 679frame
7021, 0, 0, 0, 0, 0, -37, -101, 83, 47, -78, -53, 160, 53, -104, -41, 29, 41,// 680frame
7034, 0, 0, 0, 0, 0, -35, -153, 83, 33, -68, -113, 133, 88, -96, -65, 37, 49,// 681frame