0, 0, 0, 0, 0, 10, 10, // pimg[0]
1, -158, -321, 0, 0, 10, 10, // pimg[1]
2, -127, -321, 0, 0, 10, 10, // pimg[2]
2, 0, -321, 0, 0, 10, 10, // pimg[2]
3, 127, -321, 0, 0, 10, 10, // pimg[3]
61, -59, -143, 0, 6, 10, 10, // pimg[61]
225, -133, -284, 0, 0, 10, 10, // pimg[225]
225, 29, -284, 0, 0, 10, 10, // pimg[225]
1, -158, -321, 0, 0, 10, 10, // pimg[1]
2, -127, -321, 0, 0, 10, 10, // pimg[2]
2, 0, -321, 0, 0, 10, 10, // pimg[2]
3, 127, -321, 0, 0, 10, 10, // pimg[3]
309, -59, -143, 0, 6, 10, 10, // pimg[309]
55, -141, -289, 0, 0, 10, 10, // pimg[55]
60, 46, 32, 0, 0, 10, 10, // pimg[60]
56, 74, -320, 0, 0, 10, 10, // pimg[56]
77, 64, -4, 0, 0, 10, 10, // pimg[77]
1, -158, -321, 0, 0, 10, 10, // pimg[1]
2, -127, -321, 0, 0, 10, 10, // pimg[2]
2, 0, -321, 0, 0, 10, 10, // pimg[2]
3, 127, -321, 0, 0, 10, 10, // pimg[3]
61, -59, -143, 0, 0, 10, 10, // pimg[61]
62, 65, -119, 0, 0, 10, 10, // pimg[62]
45, 26, -312, 0, 0, 10, 10, // pimg[45]
79, -142, -231, 0, 0, 10, 10, // pimg[79]
73, 150, -198, 0, 0, 10, 10, // pimg[73]
49, -69, -82, 0, 0, 10, 10, // pimg[49]
50, -69, -122, 0, 0, 10, 10, // pimg[50]
51, -68, -45, 0, 0, 10, 10, // pimg[51]
1, -158, -321, 0, 0, 10, 10, // pimg[1]
2, -127, -321, 0, 0, 10, 10, // pimg[2]
2, 0, -321, 0, 0, 10, 10, // pimg[2]
3, 126, -321, 0, 0, 10, 10, // pimg[3]
95, -103, -223, 0, 0, 10, 10, // pimg[95]
85, -150, -288, 0, 0, 10, 10, // pimg[85]
85, -151, -126, 0, 0, 10, 10, // pimg[85]
86, -152, 13, 0, 0, 10, 10, // pimg[86]
86, -33, 13, 0, 0, 10, 10, // pimg[86]
307, -59, -143, 0, 6, 10, 10, // pimg[307]
85, 128, -146, 0, 0, 10, 10, // pimg[85]
85, 129, -306, 0, 0, 10, 10, // pimg[85]
102, -158, -320, 0, 0, 10, 10, // pimg[102]
105, -127, -320, 0, 0, 10, 10, // pimg[105]
105, 1, -320, 0, 0, 10, 10, // pimg[105]
104, 114, -320, 0, 0, 10, 10, // pimg[104]
94, -92, -210, 0, 0, 10, 10, // pimg[94]
1, -221, -321, 0, 0, 10, 10, // pimg[1]
2, -64, -321, 0, 0, 10, 10, // pimg[2]
2, -190, -321, 0, 0, 10, 10, // pimg[2]
2, 62, -321, 0, 0, 10, 10, // pimg[2]
3, 188, -321, 0, 0, 10, 10, // pimg[3]
151, -202, -156, 0, 0, 10, 10, // pimg[151]
198, -39, -56, 0, 0, 10, 10, // pimg[198]
209, -94, -139, 0, 0, 10, 10, // pimg[209]
200, -131, -134, 0, 0, 10, 10, // pimg[200]
203, -191, -106, 0, 0, 10, 10, // pimg[203]
205, -97, -76, 0, 0, 10, 10, // pimg[205]
150, -202, -156, 0, 0, 10, 10, // pimg[150]
212, -211, 0, 0, 0, 10, 10, // pimg[212]
61, 70, -143, 0, 6, 10, 10, // pimg[61]
93, -260, -155, 0, 0, 10, 10, // pimg[93]
210, -40, -103, 0, 0, 10, 10, // pimg[210]
44, -77, -322, 0, 0, 10, 10, // pimg[44]
1, -221, -321, 0, 0, 10, 10, // pimg[1]
2, -64, -321, 0, 0, 10, 10, // pimg[2]
2, -190, -321, 0, 0, 10, 10, // pimg[2]
2, 62, -321, 0, 0, 10, 10, // pimg[2]
3, 188, -321, 0, 0, 10, 10, // pimg[3]
151, -202, -156, 0, 0, 10, 10, // pimg[151]
215, -79, -135, 0, 0, 10, 10, // pimg[215]
214, -105, -131, 0, 0, 10, 10, // pimg[214]
213, -58, -138, 0, 0, 10, 10, // pimg[213]
224, -36, -138, 0, 0, 10, 10, // pimg[224]
200, -131, -114, 0, 0, 10, 10, // pimg[200]
199, -191, -57, 0, 0, 10, 10, // pimg[199]
204, -116, -71, 0, 0, 10, 10, // pimg[204]
284, -87, -77, 0, 0, 10, 10, // pimg[284]
150, -202, -156, 0, 0, 10, 10, // pimg[150]
61, 68, -143, 0, 6, 10, 10, // pimg[61]
105, -220, 1, 0, 0, 10, 10, // pimg[105]
105, -92, 1, 0, 0, 10, 10, // pimg[105]
103, 36, 1, 0, 0, 10, 10, // pimg[103]
1, -221, -321, 0, 0, 10, 10, // pimg[1]
2, -64, -321, 0, 0, 10, 10, // pimg[2]
2, -190, -321, 0, 0, 10, 10, // pimg[2]
2, 62, -321, 0, 0, 10, 10, // pimg[2]
3, 188, -321, 0, 0, 10, 10, // pimg[3]
151, -202, -156, 0, 0, 10, 10, // pimg[151]
228, -80, -120, 0, 0, 10, 10, // pimg[228]
223, -57, -108, 0, 0, 10, 10, // pimg[223]
200, -131, -114, 0, 0, 10, 10, // pimg[200]
149, -202, -156, 0, 0, 10, 10, // pimg[149]
61, 70, -143, 0, 6, 10, 10, // pimg[61]
209, -191, -42, 0, 0, 10, 10, // pimg[209]
285, 35, -73, 0, 0, 10, 10, // pimg[285]
1, -221, -321, 0, 0, 10, 10, // pimg[1]
2, -64, -321, 0, 0, 10, 10, // pimg[2]
2, -190, -321, 0, 0, 10, 10, // pimg[2]
2, 62, -321, 0, 0, 10, 10, // pimg[2]
3, 188, -321, 0, 0, 10, 10, // pimg[3]
102, -220, 1, 0, 0, 10, 10, // pimg[102]
105, -188, 1, 0, 0, 10, 10, // pimg[105]
105, -60, 1, 0, 0, 10, 10, // pimg[105]
105, 79, 0, 0, 0, 10, 10, // pimg[105]
102, -220, -30, 0, 0, 10, 10, // pimg[102]
105, -188, -30, 0, 0, 10, 10, // pimg[105]
105, -60, -30, 0, 0, 10, 10, // pimg[105]
105, 79, -30, 0, 0, 10, 10, // pimg[105]
102, -220, -61, 0, 0, 10, 10, // pimg[102]
105, -188, -61, 0, 0, 10, 10, // pimg[105]
105, -60, -61, 0, 0, 10, 10, // pimg[105]
105, 79, -61, 0, 0, 10, 10, // pimg[105]
309, 25, -143, 0, 6, 10, 10, // pimg[309]
52, -147, -250, 0, 0, 10, 10, // pimg[52]
7, -158, -334, 0, 0, 10, 10, // pimg[7]
8, -127, -334, 0, 0, 10, 10, // pimg[8]
8, 0, -334, 0, 0, 10, 10, // pimg[8]
9, 127, -334, 0, 0, 10, 10, // pimg[9]
61, -59, -143, 0, 6, 10, 10, // pimg[61]
225, -133, -284, 0, 0, 10, 10, // pimg[225]
225, 29, -284, 0, 0, 10, 10, // pimg[225]
63, -136, -103, 0, 0, 10, 10, // pimg[63]
7, -158, -334, 0, 0, 10, 10, // pimg[7]
8, -127, -334, 0, 0, 10, 10, // pimg[8]
8, 0, -334, 0, 0, 10, 10, // pimg[8]
9, 127, -334, 0, 0, 10, 10, // pimg[9]
57, -129, -334, 0, 0, 10, 10, // pimg[57]
43, 22, -333, 0, 0, 10, 10, // pimg[43]
44, -26, -335, 0, 0, 10, 10, // pimg[44]
80, -156, -70, 0, 0, 10, 10, // pimg[80]
78, 20, -159, 0, 0, 10, 10, // pimg[78]
61, -79, -143, 0, 6, 10, 10, // pimg[61]
65, 69, -87, 0, 0, 10, 10, // pimg[65]
7, -158, -334, 0, 0, 10, 10, // pimg[7]
8, -127, -334, 0, 0, 10, 10, // pimg[8]
8, 0, -334, 0, 0, 10, 10, // pimg[8]
9, 127, -334, 0, 0, 10, 10, // pimg[9]
105, -157, 1, 0, 0, 10, 10, // pimg[105]
105, -29, 1, 0, 0, 10, 10, // pimg[105]
104, 115, 1, 0, 0, 10, 10, // pimg[104]
102, -157, -333, 0, 0, 10, 10, // pimg[102]
105, -125, -333, 0, 0, 10, 10, // pimg[105]
105, 3, -333, 0, 0, 10, 10, // pimg[105]
104, 115, -333, 0, 0, 10, 10, // pimg[104]
106, -167, -161, 0, 0, 10, 10, // pimg[106]
61, 28, -143, 0, 6, 10, 10, // pimg[61]
106, -167, -260, 0, 0, 10, 10, // pimg[106]
52, -113, -188, 0, 0, 10, 10, // pimg[52]
55, -36, -262, 0, 0, 10, 10, // pimg[55]
7, -158, -334, 0, 0, 10, 10, // pimg[7]
8, -127, -334, 0, 0, 10, 10, // pimg[8]
8, 0, -334, 0, 0, 10, 10, // pimg[8]
9, 127, -334, 0, 0, 10, 10, // pimg[9]
225, -115, -197, 0, 0, 10, 10, // pimg[225]
60, -89, 30, 0, 0, 10, 10, // pimg[60]
68, -153, -76, 0, 0, 10, 10, // pimg[68]
77, -124, -2, 0, 0, 10, 10, // pimg[77]
81, -148, -333, 0, 0, 10, 10, // pimg[81]
78, -24, -206, 0, 0, 10, 10, // pimg[78]
106, -167, -118, 0, 0, 10, 10, // pimg[106]
307, 28, -143, 0, 6, 10, 10, // pimg[307]
106, -167, -232, 0, 0, 10, 10, // pimg[106]
85, 129, -327, 0, 0, 10, 10, // pimg[85]
85, 107, -327, 0, 0, 10, 10, // pimg[85]
85, 81, -326, 0, 0, 10, 10, // pimg[85]
7, -262, -334, 0, 0, 10, 10, // pimg[7]
8, -127, -334, 0, 0, 10, 10, // pimg[8]
8, 0, -334, 0, 0, 10, 10, // pimg[8]
8, -246, -334, 0, 0, 10, 10, // pimg[8]
8, 103, -334, 0, 0, 10, 10, // pimg[8]
9, 218, -334, 0, 0, 10, 10, // pimg[9]
61, 115, -143, 0, 6, 10, 10, // pimg[61]
96, -111, -269, 0, 0, 10, 10, // pimg[96]
52, -247, -171, 0, 0, 10, 10, // pimg[52]
52, -126, -170, 0, 0, 10, 10, // pimg[52]
52, -6, -169, 0, 0, 10, 10, // pimg[52]
56, -33, -186, 0, 0, 10, 10, // pimg[56]
60, -73, 33, 0, 0, 10, 10, // pimg[60]
64, -172, -68, 0, 0, 10, 10, // pimg[64]
247, -77, -243, 0, 0, 10, 10, // pimg[247]
7, -256, -334, 0, 0, 10, 10, // pimg[7]
8, -127, -334, 0, 0, 10, 10, // pimg[8]
8, 0, -334, 0, 0, 10, 10, // pimg[8]
8, -246, -334, 0, 0, 10, 10, // pimg[8]
8, 119, -334, 0, 0, 10, 10, // pimg[8]
9, 238, -334, 0, 0, 10, 10, // pimg[9]
61, 115, -143, 0, 6, 10, 10, // pimg[61]
45, -7, -153, 0, 0, 10, 10, // pimg[45]
154, 76, -179, 0, 0, 10, 10, // pimg[154]
95, -194, -226, 0, 0, 10, 10, // pimg[95]
116, -183, -212, 0, 0, 10, 10, // pimg[116]
225, -214, -154, 0, 0, 10, 10, // pimg[225]
225, -87, -154, 0, 0, 10, 10, // pimg[225]
245, 0, -2, 0, 0, 10, 10, // pimg[245]
7, -221, -334, 0, 0, 10, 10, // pimg[7]
8, -64, -334, 0, 0, 10, 10, // pimg[8]
8, -190, -334, 0, 0, 10, 10, // pimg[8]
8, 62, -334, 0, 0, 10, 10, // pimg[8]
9, 188, -334, 0, 0, 10, 10, // pimg[9]
151, -202, -156, 0, 0, 10, 10, // pimg[151]
179, -40, -104, 0, 0, 10, 10, // pimg[179]
204, -65, -71, 0, 0, 10, 10, // pimg[204]
200, -131, -133, 0, 0, 10, 10, // pimg[200]
233, -192, -56, 0, 0, 10, 10, // pimg[233]
285, -150, -77, 0, 0, 10, 10, // pimg[285]
150, -202, -156, 0, 0, 10, 10, // pimg[150]
212, -211, 0, 0, 0, 10, 10, // pimg[212]
61, 41, -143, 0, 6, 10, 10, // pimg[61]
93, -260, -155, 0, 0, 10, 10, // pimg[93]
210, -171, -126, 0, 0, 10, 10, // pimg[210]
202, -10, -8, 0, 0, 10, 10, // pimg[202]
7, -221, -334, 0, 0, 10, 10, // pimg[7]
8, -64, -334, 0, 0, 10, 10, // pimg[8]
8, -190, -334, 0, 0, 10, 10, // pimg[8]
8, 62, -334, 0, 0, 10, 10, // pimg[8]
9, 188, -334, 0, 0, 10, 10, // pimg[9]
80, -219, -70, 0, 0, 10, 10, // pimg[80]
78, -219, -187, 0, 0, 10, 10, // pimg[78]
79, 73, -243, 0, 0, 10, 10, // pimg[79]
81, -133, -333, 0, 0, 10, 10, // pimg[81]
63, -156, -171, 0, 0, 10, 10, // pimg[63]
64, -92, -122, 0, 0, 10, 10, // pimg[64]
43, 83, -193, 0, 0, 10, 10, // pimg[43]
307, 74, -143, 0, 6, 10, 10, // pimg[307]
45, -47, -121, 0, 0, 10, 10, // pimg[45]
65, -30, -145, 0, 0, 10, 10, // pimg[65]
210, -170, -103, 0, 0, 10, 10, // pimg[210]
7, -221, -334, 0, 0, 10, 10, // pimg[7]
8, -64, -334, 0, 0, 10, 10, // pimg[8]
8, -190, -334, 0, 0, 10, 10, // pimg[8]
8, 62, -334, 0, 0, 10, 10, // pimg[8]
9, 188, -334, 0, 0, 10, 10, // pimg[9]
44, 26, -336, 0, 0, 10, 10, // pimg[44]
45, 86, -153, 0, 0, 10, 10, // pimg[45]
46, -221, -64, 0, 0, 10, 10, // pimg[46]
63, 62, -119, 0, 0, 10, 10, // pimg[63]
43, 83, -211, 0, 0, 10, 10, // pimg[43]
61, -155, -143, 0, 6, 10, 10, // pimg[61]
65, -46, -120, 0, 0, 10, 10, // pimg[65]
64, -4, -77, 0, 0, 10, 10, // pimg[64]
210, -204, -116, 0, 0, 10, 10, // pimg[210]
225, -177, -295, 0, 0, 10, 10, // pimg[225]
225, -48, -296, 0, 0, 10, 10, // pimg[225]
225, 81, -296, 0, 0, 10, 10, // pimg[225]
7, -221, -334, 0, 0, 10, 10, // pimg[7]
8, -64, -334, 0, 0, 10, 10, // pimg[8]
8, -190, -334, 0, 0, 10, 10, // pimg[8]
8, 62, -334, 0, 0, 10, 10, // pimg[8]
9, 188, -334, 0, 0, 10, 10, // pimg[9]
44, -48, -186, 0, 0, 10, 10, // pimg[44]
45, 87, -202, 0, 0, 10, 10, // pimg[45]
46, 82, -186, 0, 0, 10, 10, // pimg[46]
62, 62, -94, 0, 0, 10, 10, // pimg[62]
43, -90, -96, 0, 0, 10, 10, // pimg[43]
309, -194, -143, 0, 0, 10, 10, // pimg[309]
65, -84, -167, 607, 0, 10, 10, // pimg[65]
64, -26, -101, 0, 0, 10, 10, // pimg[64]
64, 30, -144, 517, 0, 10, 10, // pimg[64]
225, -177, -295, 0, 0, 10, 10, // pimg[225]
225, -48, -295, 0, 0, 10, 10, // pimg[225]
225, 81, -295, 0, 0, 10, 10, // pimg[225]
51, -201, -99, 0, 0, 10, 10, // pimg[51]
50, -205, -46, 0, 0, 10, 10, // pimg[50]
7, -221, -334, 0, 0, 10, 10, // pimg[7]
8, -64, -334, 0, 0, 10, 10, // pimg[8]
8, -190, -334, 0, 0, 10, 10, // pimg[8]
8, 62, -334, 0, 0, 10, 10, // pimg[8]
9, 188, -334, 0, 0, 10, 10, // pimg[9]
102, -220, 1, 0, 0, 10, 10, // pimg[102]
105, -188, 1, 0, 0, 10, 10, // pimg[105]
105, -60, 1, 0, 0, 10, 10, // pimg[105]
105, 79, 0, 0, 0, 10, 10, // pimg[105]
102, -220, -30, 0, 0, 10, 10, // pimg[102]
105, -188, -30, 0, 0, 10, 10, // pimg[105]
105, -60, -30, 0, 0, 10, 10, // pimg[105]
105, 79, -30, 0, 0, 10, 10, // pimg[105]
102, -220, -61, 0, 0, 10, 10, // pimg[102]
105, -188, -61, 0, 0, 10, 10, // pimg[105]
105, -60, -61, 0, 0, 10, 10, // pimg[105]
105, 79, -61, 0, 0, 10, 10, // pimg[105]
61, 25, -143, 0, 6, 10, 10, // pimg[61]
225, -154, -187, 0, 0, 10, 10, // pimg[225]
16, -32, -32, 0, 0, 10, 10, // pimg[16]
320, 0, 65, 0, 0, 10, 10, // pimg[320]
32, 0, 33, 0, 0, 10, 10, // pimg[32]
39, 0, -113, 0, 0, 10, 10, // pimg[39]
33, 0, -160, 0, 0, 10, 10, // pimg[33]
320, 0, -140, 0, 0, 10, 10, // pimg[320]
320, 0, 65, 0, 0, 10, 10, // pimg[320]
32, 0, 33, 0, 0, 10, 10, // pimg[32]
40, 0, -129, 0, 0, 10, 10, // pimg[40]
33, 0, -160, 0, 0, 10, 10, // pimg[33]
320, 0, -140, 0, 0, 10, 10, // pimg[320]
19, -32, 0, 0, 0, 10, 10, // pimg[19]
0, 0, 0, 0, 0, 10, 10, // pimg[0]
322, 1, 0, 0, 0, 10, 10, // pimg[322]
22, -32, -32, 0, 0, 10, 10, // pimg[22]
320, 0, 67, 0, 0, 10, 10, // pimg[320]
33, 0, 30, 0, 0, 10, 10, // pimg[33]
33, 0, 39, 0, 0, 10, 10, // pimg[33]
33, 0, 0, 0, 0, 10, 10, // pimg[33]
33, 0, -32, 0, 0, 10, 10, // pimg[33]
320, 0, 34, 0, 0, 10, 10, // pimg[320]
33, 0, 7, 0, 0, 10, 10, // pimg[33]
32, 0, -18, 0, 0, 10, 10, // pimg[32]
25, -32, 0, 0, 0, 10, 10, // pimg[25]
26, 0, 0, 0, 0, 10, 10, // pimg[26]
45, 121, 50, 315, 0, 10, 10, // pimg[45]
29, 0, 0, 0, 0, 10, 10, // pimg[29]
322, 1, -32, 0, 0, 10, 10, // pimg[322]
394, 1, -61, 0, 0, 10, 10, // pimg[394]
41, 1, -62, 0, 0, 10, 10, // pimg[41]
45, -87, 71, 497, 0, 10, 10, // pimg[45]
47, 35, -13, 350, 0, 10, 10, // pimg[47]
44, -14, 29, 520, 0, 10, 10, // pimg[44]
45, -96, -64, 0, 0, 10, 10, // pimg[45]
44, 12, 56, 487, 0, 10, 10, // pimg[44]
46, 25, -48, 600, 0, 10, 10, // pimg[46]
33, 0, 0, 0, 0, 10, 10, // pimg[33]
34, 0, 0, 0, 0, 10, 10, // pimg[34]
35, 0, 0, 0, 0, 10, 10, // pimg[35]
0, 0, 0, 0, 0, 10, 10, // pimg[0]
37, 1, -153, 0, 0, 10, 10, // pimg[37]
38, 0, -153, 0, 0, 10, 10, // pimg[38]
34, 0, 65, 0, 0, 10, 10, // pimg[34]
32, 0, 33, 0, 0, 10, 10, // pimg[32]
39, 10, -113, 0, 0, 10, 10, // pimg[39]
40, 31, -113, 313, 0, 10, 10, // pimg[40]
33, 0, -160, 0, 0, 10, 10, // pimg[33]
320, 0, -140, 0, 0, 10, 10, // pimg[320]
34, 0, 65, 0, 0, 10, 10, // pimg[34]
32, 0, 33, 0, 0, 10, 10, // pimg[32]
40, 10, -130, 0, 0, 10, 10, // pimg[40]
33, 0, -160, 0, 0, 10, 10, // pimg[33]
320, 0, -140, 0, 0, 10, 10, // pimg[320]
41, 2, -89, 0, 0, 10, 10, // pimg[41]
37, 1, -153, 0, 0, 10, 10, // pimg[37]
42, 1, -123, 0, 0, 10, 10, // pimg[42]
37, 1, -153, 0, 0, 10, 10, // pimg[37]
114, 0, 0, 0, 0, 10, 10, // pimg[114]
331, 0, -117, 0, 0, 10, 10, // pimg[331]
114, -128, 0, 0, 0, 10, 10, // pimg[114]
331, -128, -117, 0, 0, 10, 10, // pimg[331]
327, -96, 7, 0, 0, 10, 10, // pimg[327]
114, 0, 0, 0, 0, 10, 10, // pimg[114]
331, 0, -117, 0, 0, 10, 10, // pimg[331]
19, -32, 0, 0, 0, 10, 10, // pimg[19]
132, -32, -64, 0, 0, 10, 10, // pimg[132]
19, -32, 0, 0, 0, 10, 10, // pimg[19]
19, -160, 0, 0, 0, 10, 10, // pimg[19]
327, -127, 6, 0, 0, 10, 10, // pimg[327]
114, 0, 0, 0, 0, 10, 10, // pimg[114]
331, 0, -117, 0, 0, 10, 10, // pimg[331]
16, -32, -32, 0, 0, 10, 10, // pimg[16]
132, -32, -32, 0, 0, 10, 10, // pimg[132]
16, -32, -32, 0, 0, 10, 10, // pimg[16]
132, 94, -32, 0, 0, 10, 10, // pimg[132]
22, -32, -32, 0, 0, 10, 10, // pimg[22]
132, -32, -32, 0, 0, 10, 10, // pimg[132]
22, -32, -32, 0, 0, 10, 10, // pimg[22]
132, 94, -32, 0, 0, 10, 10, // pimg[132]
0, 0, 0, 0, 0, 10, 10, // pimg[0]
19, -32, 0, 0, 0, 10, 10, // pimg[19]
132, 94, -64, 0, 0, 10, 10, // pimg[132]
113, 87, 0, 0, 0, 10, 10, // pimg[113]
56, 0, 0, 0, 0, 10, 10, // pimg[56]
0, 0, 0, 0, 0, 10, 10, // pimg[0]
60, 0, 64, 0, 0, 10, 10, // pimg[60]
58, 0, -28, 0, 0, 10, 10, // pimg[58]
59, -1, -27, 0, 0, 10, 10, // pimg[59]
61, 0, -111, 0, 0, 10, 10, // pimg[61]
87, 0, -111, 0, 0, 10, 10, // pimg[87]
62, 0, 0, 0, 0, 10, 10, // pimg[62]
63, 0, 0, 0, 0, 10, 10, // pimg[63]
64, 0, 0, 0, 0, 10, 10, // pimg[64]
65, 0, 0, 0, 0, 10, 10, // pimg[65]
66, 0, 0, 0, 0, 10, 10, // pimg[66]
67, -13, -46, 0, 0, 10, 10, // pimg[67]
69, 0, 0, 0, 0, 10, 10, // pimg[69]
210, -18, -23, 0, 0, 10, 10, // pimg[210]
71, 0, 0, 0, 0, 10, 10, // pimg[71]
244, 0, -2, 0, 0, 10, 10, // pimg[244]
340, -2, 0, 0, 0, 10, 10, // pimg[340]
349, 0, 0, 0, 0, 10, 10, // pimg[349]
0, 0, 0, 0, 0, 10, 10, // pimg[0]
75, -26, 7, 0, 0, 10, 10, // pimg[75]
74, -28, 3, 0, 0, 10, 10, // pimg[74]
75, -26, 7, 0, 0, 10, 10, // pimg[75]
74, -15, 1, 10, 0, 10, 10, // pimg[74]
76, -26, -12, 0, 0, 10, 10, // pimg[76]
74, -42, 2, 597, 0, 10, 10, // pimg[74]
76, -26, -12, 0, 0, 10, 10, // pimg[76]
74, 39, 23, 120, 0, 10, 10, // pimg[74]
76, -26, -12, 0, 0, 10, 10, // pimg[76]
75, -26, 80, 482, 0, 10, 10, // pimg[75]
231, -15, 71, 400, 0, 10, 10, // pimg[231]
77, -75, 45, 0, 0, 10, 10, // pimg[77]
78, 1, 0, 0, 0, 10, 10, // pimg[78]
79, 0, 0, 0, 0, 10, 10, // pimg[79]
80, 1, -37, 0, 0, 10, 10, // pimg[80]
81, 0, 0, 0, 0, 10, 10, // pimg[81]
83, -5, 1, 0, 0, 10, 10, // pimg[83]
83, 59, 1, 0, 0, 10, 10, // pimg[83]
82, -5, 1, 0, 0, 10, 10, // pimg[82]
83, 59, 1, 0, 0, 10, 10, // pimg[83]
83, -5, 1, 0, 0, 10, 10, // pimg[83]
83, 59, 1, 0, 0, 10, 10, // pimg[83]
83, -5, 1, 0, 0, 10, 10, // pimg[83]
84, 90, 1, 0, 0, 10, 10, // pimg[84]
25, -32, 0, 0, 0, 10, 10, // pimg[25]
132, -32, -64, 0, 0, 10, 10, // pimg[132]
25, -32, 0, 0, 0, 10, 10, // pimg[25]
132, 94, -64, 0, 0, 10, 10, // pimg[132]
113, 87, 0, 0, 0, 10, 10, // pimg[113]
89, 22, -153, 0, 0, 10, 10, // pimg[89]
89, 22, -153, 0, 0, 10, 10, // pimg[89]
90, -37, -141, 0, 0, 10, 10, // pimg[90]
89, 22, -153, 0, 0, 10, 10, // pimg[89]
91, -50, -140, 0, 0, 10, 10, // pimg[91]
52, 0, 0, 0, 0, 10, 10, // pimg[52]
53, -32, -32, 0, 0, 10, 10, // pimg[53]
225, -15, -26, 0, 0, 10, 10, // pimg[225]
54, -32, -32, 0, 0, 10, 10, // pimg[54]
225, -15, -26, 0, 0, 10, 10, // pimg[225]
55, 0, 0, 0, 0, 10, 10, // pimg[55]
88, 0, -130, 0, 0, 10, 10, // pimg[88]
352, -15, -7, 0, 0, 10, 10, // pimg[352]
352, 48, -7, 0, 0, 20, 10, // pimg[352]
100, 0, -14, 0, 0, 10, 10, // pimg[100]
101, 0, -76, 0, 0, 10, 10, // pimg[101]
105, 0, 32, 0, 0, 10, 10, // pimg[105]
102, 0, 32, 0, 0, 10, 10, // pimg[102]
103, 0, 32, 0, 0, 10, 10, // pimg[103]
104, 96, 32, 0, 0, 10, 10, // pimg[104]
105, -1, 32, 0, 0, 10, 10, // pimg[105]
105, 0, 32, 0, 0, 10, 10, // pimg[105]
0, -9, 0, 0, 0, 10, 10, // pimg[0]
107, -21, 30, 0, 0, 10, 10, // pimg[107]
285, -34, -58, 0, 0, 10, 10, // pimg[285]
328, 0, -127, 0, 0, 10, 10, // pimg[328]
108, 0, -127, 0, 0, 10, 10, // pimg[108]
17, 0, -113, 0, 0, 10, 10, // pimg[17]
18, 0, -97, 0, 0, 10, 10, // pimg[18]
21, 0, -68, 0, 0, 10, 10, // pimg[21]
21, 0, -43, 0, 0, 10, 10, // pimg[21]
23, 0, -18, 0, 0, 10, 10, // pimg[23]
24, 0, 21, 0, 0, 10, 10, // pimg[24]
285, -34, -58, 0, 0, 10, 10, // pimg[285]
328, 0, -127, 0, 0, 10, 10, // pimg[328]
17, 0, -126, 0, 0, 10, 10, // pimg[17]
18, 0, -113, 0, 0, 10, 10, // pimg[18]
21, 0, -84, 0, 0, 10, 10, // pimg[21]
21, 0, -59, 0, 0, 10, 10, // pimg[21]
23, 0, -34, 0, 0, 10, 10, // pimg[23]
24, 0, 5, 0, 0, 10, 10, // pimg[24]
285, -34, -58, 0, 0, 10, 10, // pimg[285]
328, 0, -127, 0, 0, 10, 10, // pimg[328]
18, 0, -126, 0, 0, 10, 10, // pimg[18]
21, 0, -108, 0, 0, 10, 10, // pimg[21]
21, 0, -83, 0, 0, 10, 10, // pimg[21]
23, 0, -58, 0, 0, 10, 10, // pimg[23]
24, 0, -19, 0, 0, 10, 10, // pimg[24]
285, -34, -58, 0, 0, 10, 10, // pimg[285]
328, 0, -127, 0, 0, 10, 10, // pimg[328]
21, 0, -126, 0, 0, 10, 10, // pimg[21]
21, 0, -115, 0, 0, 10, 10, // pimg[21]
23, 0, -90, 0, 0, 10, 10, // pimg[23]
24, 0, -51, 0, 0, 10, 10, // pimg[24]
285, -34, -58, 0, 0, 10, 10, // pimg[285]
328, 0, -127, 0, 0, 10, 10, // pimg[328]
23, 0, -126, 0, 0, 10, 10, // pimg[23]
24, 0, -88, 0, 0, 10, 10, // pimg[24]
285, -34, -58, 0, 0, 10, 10, // pimg[285]
328, 0, -127, 0, 0, 10, 10, // pimg[328]
24, 0, -126, 0, 0, 10, 10, // pimg[24]
285, -34, -58, 0, 0, 10, 10, // pimg[285]
328, 0, -127, 0, 0, 10, 10, // pimg[328]
109, 0, -2, 0, 0, 10, 10, // pimg[109]
110, 0, -34, 0, 0, 10, 10, // pimg[110]
111, 0, -2, 0, 0, 10, 10, // pimg[111]
111, 0, -2, 0, 0, 10, 10, // pimg[111]
112, -2, 64, 0, 0, 10, 10, // pimg[112]
395, 0, -2, 0, 0, 10, 10, // pimg[395]
332, -209, -49, 0, 0, 10, 10, // pimg[332]
0, 0, 0, 0, 0, 10, 10, // pimg[0]
46, 23, -6, 300, 0, 10, 10, // pimg[46]
47, 0, 7, 500, 0, 10, 10, // pimg[47]
45, -145, -38, 570, 0, 10, 10, // pimg[45]
44, -80, -27, 0, 0, 10, 10, // pimg[44]
316, 0, 0, 0, 0, 10, 10, // pimg[316]
44, 1, -3, 0, 0, 10, 10, // pimg[44]
315, 0, 32, 0, 0, 10, 10, // pimg[315]
119, -91, -45, 0, 0, 10, 10, // pimg[119]
119, -212, -45, 0, 0, 10, 10, // pimg[119]
120, -173, -88, 0, 0, 10, 10, // pimg[120]
121, -181, -212, 0, 0, 10, 10, // pimg[121]
120, 89, -88, 0, 0, 10, 10, // pimg[120]
121, 6, -116, 577, 0, 10, 10, // pimg[121]
119, 73, -46, 0, 0, 10, 10, // pimg[119]
122, -75, -106, 0, 0, 10, 10, // pimg[122]
121, 80, -136, 228, 0, 10, 10, // pimg[121]
120, -56, -89, 0, 0, 10, 10, // pimg[120]
122, -79, -105, 0, 0, 10, 10, // pimg[122]
120, 11, -179, 58, 0, 10, 10, // pimg[120]
119, -91, -46, 0, 0, 10, 10, // pimg[119]
120, 54, -91, 157, 0, 10, 10, // pimg[120]
122, 55, -200, 157, 0, 10, 10, // pimg[122]
122, -73, -95, 500, 0, 10, 10, // pimg[122]
119, 112, -136, 158, 0, 10, 10, // pimg[119]
121, -61, -107, 0, 0, 10, 10, // pimg[121]
120, 134, -91, 158, 0, 10, 10, // pimg[120]
120, -54, -88, 0, 0, 10, 10, // pimg[120]
121, -62, -107, 0, 0, 10, 10, // pimg[121]
119, -83, -45, 0, 0, 10, 10, // pimg[119]
120, -54, -193, 0, 0, 10, 10, // pimg[120]
120, -54, -88, 0, 0, 10, 10, // pimg[120]
121, -62, -317, 0, 0, 10, 10, // pimg[121]
120, -54, -88, 0, 0, 10, 10, // pimg[120]
121, -62, -212, 0, 0, 10, 10, // pimg[121]
124, 0, 0, 0, 0, 10, 10, // pimg[124]
123, 0, -110, 0, 0, 10, 10, // pimg[123]
128, 0, -32, 0, 0, 10, 10, // pimg[128]
128, 0, -96, 0, 0, 10, 10, // pimg[128]
128, 98, -32, 0, 0, 10, 10, // pimg[128]
128, 98, -96, 0, 0, 10, 10, // pimg[128]
125, 0, -128, 0, 0, 10, 10, // pimg[125]
125, 64, -128, 0, 0, 10, 10, // pimg[125]
126, 0, 0, 0, 0, 10, 10, // pimg[126]
125, 0, 0, 0, 0, 10, 10, // pimg[125]
125, 64, 0, 0, 0, 10, 10, // pimg[125]
127, 0, 0, 0, 0, 10, 10, // pimg[127]
123, 33, -105, 0, 0, 10, 10, // pimg[123]
128, 6, -32, 0, 0, 10, 10, // pimg[128]
128, 6, -96, 0, 0, 10, 10, // pimg[128]
125, 0, -128, 0, 0, 10, 10, // pimg[125]
125, 64, -128, 0, 0, 10, 10, // pimg[125]
128, 156, -32, 0, 0, 10, 10, // pimg[128]
128, 156, -96, 0, 0, 10, 10, // pimg[128]
125, 128, -128, 0, 0, 10, 10, // pimg[125]
129, 0, -15, 0, 0, 10, 10, // pimg[129]
128, 0, 0, 0, 0, 10, 10, // pimg[128]
128, 0, 64, 0, 0, 10, 10, // pimg[128]
128, 0, -32, 0, 0, 10, 10, // pimg[128]
127, 0, -64, 0, 0, 10, 10, // pimg[127]
125, 0, -96, 0, 0, 10, 10, // pimg[125]
131, 64, -102, 0, 0, 10, 10, // pimg[131]
125, -64, -96, 0, 0, 10, 10, // pimg[125]
124, -96, -96, 0, 0, 10, 10, // pimg[124]
130, -32, -6, 0, 0, 10, 10, // pimg[130]
131, 0, -6, 0, 0, 10, 10, // pimg[131]
132, 62, 17, 0, 0, 10, 10, // pimg[132]
131, 0, -6, 0, 0, 10, 10, // pimg[131]
133, 0, -152, 0, 0, 10, 10, // pimg[133]
134, -29, 23, 0, 0, 10, 10, // pimg[134]
135, -56, 21, 0, 0, 10, 10, // pimg[135]
136, -67, -148, 0, 0, 10, 10, // pimg[136]
137, -80, -198, 0, 0, 10, 10, // pimg[137]
337, -24, -90, 0, 0, 10, 10, // pimg[337]
139, -16, -119, 0, 0, 10, 10, // pimg[139]
400, -3, -164, 0, 0, 10, 10, // pimg[400]
403, -16, -196, 0, 0, 10, 10, // pimg[403]
140, 0, -32, 0, 0, 10, 10, // pimg[140]
144, -77, -141, 0, 0, 10, 10, // pimg[144]
141, -77, -141, 0, 0, 10, 10, // pimg[141]
142, -11, -137, 0, 0, 10, 10, // pimg[142]
143, 0, -137, 0, 0, 10, 10, // pimg[143]
292, -22, -137, 0, 0, 10, 10, // pimg[292]
293, -33, -137, 0, 0, 10, 10, // pimg[293]
294, -47, -137, 0, 0, 10, 10, // pimg[294]
295, -62, -137, 0, 0, 10, 10, // pimg[295]
296, -71, -137, 0, 0, 10, 10, // pimg[296]
297, 11, -137, 0, 0, 10, 10, // pimg[297]
298, 22, -137, 0, 0, 10, 10, // pimg[298]
299, 33, -137, 0, 0, 10, 10, // pimg[299]
300, 47, -137, 0, 0, 10, 10, // pimg[300]
301, 62, -137, 0, 0, 10, 10, // pimg[301]
290, -106, -74, 0, 0, 10, 10, // pimg[290]
141, -77, -141, 0, 0, 10, 10, // pimg[141]
142, -18, -137, 0, 0, 10, 10, // pimg[142]
143, 8, -137, 0, 0, 10, 10, // pimg[143]
292, -29, -137, 0, 0, 10, 10, // pimg[292]
293, -40, -137, 0, 0, 10, 10, // pimg[293]
294, -54, -137, 0, 0, 10, 10, // pimg[294]
295, -69, -137, 0, 0, 10, 10, // pimg[295]
297, 19, -137, 0, 0, 10, 10, // pimg[297]
298, 30, -137, 0, 0, 10, 10, // pimg[298]
299, 41, -137, 0, 0, 10, 10, // pimg[299]
300, 55, -137, 0, 0, 10, 10, // pimg[300]
290, -106, -74, 0, 0, 10, 10, // pimg[290]
141, -77, -141, 0, 0, 10, 10, // pimg[141]
142, -33, -137, 0, 0, 10, 10, // pimg[142]
292, -44, -137, 0, 0, 10, 10, // pimg[292]
293, -55, -137, 0, 0, 10, 10, // pimg[293]
294, -69, -137, 0, 0, 10, 10, // pimg[294]
143, 23, -137, 0, 0, 10, 10, // pimg[143]
297, 34, -137, 0, 0, 10, 10, // pimg[297]
298, 45, -137, 0, 0, 10, 10, // pimg[298]
299, 56, -137, 0, 0, 10, 10, // pimg[299]
290, -106, -74, 0, 0, 10, 10, // pimg[290]
141, -77, -141, 0, 0, 10, 10, // pimg[141]
142, -47, -137, 0, 0, 10, 10, // pimg[142]
292, -58, -137, 0, 0, 10, 10, // pimg[292]
293, -69, -137, 0, 0, 10, 10, // pimg[293]
143, 37, -137, 0, 0, 10, 10, // pimg[143]
297, 48, -137, 0, 0, 10, 10, // pimg[297]
298, 59, -137, 0, 0, 10, 10, // pimg[298]
290, -106, -74, 0, 0, 10, 10, // pimg[290]
141, -77, -141, 0, 0, 10, 10, // pimg[141]
142, -58, -137, 0, 0, 10, 10, // pimg[142]
292, -69, -137, 0, 0, 10, 10, // pimg[292]
143, 48, -137, 0, 0, 10, 10, // pimg[143]
297, 59, -137, 0, 0, 10, 10, // pimg[297]
290, -106, -74, 0, 0, 10, 10, // pimg[290]
141, -77, -141, 0, 0, 10, 10, // pimg[141]
142, -69, -137, 0, 0, 10, 10, // pimg[142]
143, 59, -137, 0, 0, 10, 10, // pimg[143]
290, -106, -74, 0, 0, 10, 10, // pimg[290]
141, -77, -141, 0, 0, 10, 10, // pimg[141]
290, -106, -74, 0, 0, 10, 10, // pimg[290]
146, -38, -64, 0, 0, 10, 10, // pimg[146]
147, -60, -96, 0, 0, 10, 10, // pimg[147]
148, -65, -96, 0, 0, 10, 10, // pimg[148]
145, -93, -106, 0, 0, 10, 10, // pimg[145]
151, -111, -174, 0, 0, 10, 10, // pimg[151]
149, -112, -173, 0, 0, 10, 10, // pimg[149]
153, -87, 13, 0, 0, 10, 10, // pimg[153]
152, -92, -151, 0, 0, 10, 10, // pimg[152]
156, -75, -145, 0, 0, 10, 10, // pimg[156]
201, 70, -110, 0, 0, 10, 10, // pimg[201]
203, -37, -95, 0, 0, 10, 10, // pimg[203]
199, 40, -44, 0, 0, 10, 10, // pimg[199]
213, -52, -43, 0, 0, 10, 10, // pimg[213]
214, -35, -35, 0, 0, 10, 10, // pimg[214]
220, -16, -26, 0, 0, 10, 10, // pimg[220]
209, 37, -21, 0, 0, 10, 10, // pimg[209]
224, -17, -41, 0, 0, 10, 10, // pimg[224]
223, 62, -10, 0, 0, 10, 10, // pimg[223]
227, 23, -22, 0, 0, 10, 10, // pimg[227]
231, -48, -20, 0, 0, 10, 10, // pimg[231]
153, -87, 13, 0, 0, 10, 10, // pimg[153]
152, -92, -151, 0, 0, 10, 10, // pimg[152]
157, -74, -144, 0, 0, 10, 10, // pimg[157]
157, -74, -122, 0, 0, 10, 10, // pimg[157]
157, -74, -101, 0, 0, 10, 10, // pimg[157]
157, -74, -79, 0, 0, 10, 10, // pimg[157]
157, -74, -57, 0, 0, 10, 10, // pimg[157]
156, -74, -36, 0, 0, 10, 10, // pimg[156]
153, -87, 13, 0, 0, 10, 10, // pimg[153]
152, -92, -151, 0, 0, 10, 10, // pimg[152]
201, 70, -110, 0, 0, 10, 10, // pimg[201]
156, -75, -145, 0, 0, 10, 10, // pimg[156]
153, -87, 13, 0, 0, 10, 10, // pimg[153]
152, -92, -151, 0, 0, 10, 10, // pimg[152]
156, -75, -145, 0, 0, 10, 10, // pimg[156]
201, 70, -110, 0, 0, 10, 10, // pimg[201]
203, -37, -95, 0, 0, 10, 10, // pimg[203]
199, 40, -44, 0, 0, 10, 10, // pimg[199]
155, -213, 0, 0, 0, 10, 10, // pimg[155]
158, -109, -65, 0, 0, 10, 10, // pimg[158]
158, -15, -65, 0, 0, 10, 10, // pimg[158]
158, -109, -116, 0, 0, 10, 10, // pimg[158]
158, -15, -116, 0, 0, 10, 10, // pimg[158]
132, -85, 33, 471, 0, 10, 10, // pimg[132]
132, -16, 33, 471, 0, 10, 10, // pimg[132]
132, -85, -96, 0, 0, 10, 10, // pimg[132]
132, -85, -115, 0, 0, 10, 10, // pimg[132]
159, -110, -116, 0, 0, 10, 10, // pimg[159]
160, -97, -116, 0, 0, 10, 10, // pimg[160]
160, -66, -116, 0, 0, 10, 10, // pimg[160]
160, -35, -116, 0, 0, 10, 10, // pimg[160]
160, -4, -116, 0, 0, 10, 10, // pimg[160]
160, 27, -116, 0, 0, 10, 10, // pimg[160]
160, 58, -116, 0, 0, 10, 10, // pimg[160]
161, 89, -116, 0, 0, 10, 10, // pimg[161]
159, -110, -116, 0, 0, 10, 10, // pimg[159]
160, -97, -116, 0, 0, 10, 10, // pimg[160]
160, -87, -107, 612, 0, 10, 10, // pimg[160]
160, -56, 64, 314, 0, 10, 10, // pimg[160]
160, 37, -116, 8, 0, 10, 10, // pimg[160]
160, 58, -113, 621, 0, 10, 10, // pimg[160]
160, -107, 68, 466, 0, 10, 10, // pimg[160]
161, 89, -116, 0, 0, 10, 10, // pimg[161]
162, -60, -4, 0, 0, 10, 10, // pimg[162]
399, -103, -7, 0, 0, 10, 10, // pimg[399]
237, -7, -29, 0, 0, 10, 10, // pimg[237]
236, -8, -89, 0, 0, 10, 10, // pimg[236]
45, -121, -1, 0, 0, 10, 10, // pimg[45]
46, 0, -1, 0, 0, 10, 10, // pimg[46]
47, -4, -2, 0, 0, 10, 10, // pimg[47]
172, -41, -20, 0, 0, 10, 10, // pimg[172]
170, -40, -20, 0, 0, 10, 10, // pimg[170]
289, -16, -113, 0, 10, 10, 10, // pimg[289]
169, -47, -180, 0, 0, 10, 10, // pimg[169]
171, -43, -124, 0, 0, 10, 10, // pimg[171]
405, -103, 10, 0, 0, 10, 10, // pimg[405]
398, -57, 3, 70, 0, 10, 10, // pimg[398]
397, -20, 69, 580, 0, 10, 10, // pimg[397]
406, -33, 37, 0, 0, 10, 10, // pimg[406]
397, -7, 89, 567, 0, 10, 10, // pimg[397]
396, -23, 43, 30, 0, 10, 10, // pimg[396]
146, -38, -64, 0, 0, 10, 10, // pimg[146]
419, -35, -59, 0, 0, 10, 10, // pimg[419]
421, -37, -36, 0, 0, 10, 10, // pimg[421]
422, 31, -65, 0, 0, 10, 10, // pimg[422]
397, 65, -32, 141, 0, 10, 10, // pimg[397]
396, -20, 45, 441, 0, 10, 10, // pimg[396]
397, -1, 54, 431, 0, 10, 10, // pimg[397]
147, -60, -96, 0, 0, 10, 10, // pimg[147]
417, -57, -91, 0, 0, 10, 10, // pimg[417]
417, 38, -91, 0, 0, 10, 10, // pimg[417]
417, -10, -92, 0, 0, 10, 10, // pimg[417]
416, -63, -94, 0, 0, 10, 10, // pimg[416]
415, -9, -93, 0, 0, 10, 10, // pimg[415]
418, 5, -78, 602, 0, 10, 10, // pimg[418]
397, 29, 71, 305, 0, 10, 10, // pimg[397]
397, -55, -2, 460, 0, 10, 10, // pimg[397]
396, 55, -35, 160, 0, 10, 10, // pimg[396]
398, -24, 46, 0, 0, 10, 10, // pimg[398]
0, -1, -2, 0, 0, 10, 10, // pimg[0]
172, -41, -20, 0, 0, 10, 10, // pimg[172]
170, -40, -20, 0, 0, 10, 10, // pimg[170]
289, -16, -113, 0, 10, 10, 10, // pimg[289]
169, -47, -180, 0, 0, 10, 10, // pimg[169]
171, -43, -124, 0, 0, 10, 10, // pimg[171]
342, -44, -122, 0, 0, 10, 10, // pimg[342]
172, -41, -20, 0, 0, 10, 10, // pimg[172]
170, -40, -20, 0, 0, 10, 10, // pimg[170]
289, -16, -113, 0, 10, 10, 10, // pimg[289]
169, -47, -180, 0, 0, 10, 10, // pimg[169]
171, -43, -124, 0, 0, 10, 10, // pimg[171]
341, -40, -122, 0, 0, 10, 10, // pimg[341]
172, -41, -20, 0, 0, 10, 10, // pimg[172]
170, -40, -20, 0, 0, 10, 10, // pimg[170]
169, -47, -180, 0, 0, 10, 10, // pimg[169]
171, -43, -124, 0, 0, 10, 10, // pimg[171]
172, -41, -20, 0, 0, 10, 10, // pimg[172]
170, -40, -20, 0, 0, 10, 10, // pimg[170]
169, -47, -180, 0, 0, 10, 10, // pimg[169]
171, -43, -124, 0, 0, 10, 10, // pimg[171]
342, -44, -122, 0, 0, 10, 10, // pimg[342]
172, -41, -20, 0, 0, 10, 10, // pimg[172]
170, -40, -20, 0, 0, 10, 10, // pimg[170]
169, -47, -180, 0, 0, 10, 10, // pimg[169]
171, -43, -124, 0, 0, 10, 10, // pimg[171]
341, -40, -122, 0, 0, 10, 10, // pimg[341]
172, -41, -20, 0, 0, 10, 10, // pimg[172]
170, -40, -20, 0, 0, 10, 10, // pimg[170]
169, -47, -180, 0, 0, 10, 10, // pimg[169]
48, 0, 0, 0, 0, 10, 10, // pimg[48]
179, -25, -19, 0, 0, 10, 10, // pimg[179]
180, -108, -124, 0, 0, 10, 10, // pimg[180]
182, 0, 17, 0, 0, 10, 10, // pimg[182]
182, 0, 17, 0, 0, 10, 10, // pimg[182]
181, 22, 21, 0, 0, 10, 10, // pimg[181]
190, 0, -66, 0, 0, 10, 10, // pimg[190]
183, -26, -71, 0, 0, 10, 10, // pimg[183]
189, 5, -38, 0, 0, 10, 10, // pimg[189]
195, -26, -17, 0, 0, 10, 10, // pimg[195]
184, 0, 0, 0, 0, 10, 10, // pimg[184]
184, 0, 0, 0, 0, 10, 10, // pimg[184]
206, 7, 7, 0, 0, 10, 10, // pimg[206]
184, 0, -26, 0, 0, 10, 10, // pimg[184]
206, 7, -19, 0, 0, 10, 10, // pimg[206]
196, 70, -8, 0, 0, 10, 10, // pimg[196]
196, 69, -36, 0, 0, 10, 10, // pimg[196]
194, 107, -73, 0, 0, 10, 10, // pimg[194]
185, -20, -30, 0, 0, 10, 10, // pimg[185]
236, -8, -89, 0, 0, 10, 10, // pimg[236]
186, -60, 17, 0, 0, 10, 10, // pimg[186]
187, -48, -28, 0, 0, 10, 10, // pimg[187]
186, -60, 17, 0, 0, 10, 10, // pimg[186]
187, -48, -28, 0, 0, 10, 10, // pimg[187]
188, -48, -26, 0, 0, 10, 10, // pimg[188]
189, 30, 62, 0, 0, 10, 10, // pimg[189]
205, -30, 79, 0, 0, 10, 10, // pimg[205]
202, 13, 116, 476, 0, 10, 10, // pimg[202]
193, -38, 28, 0, 0, 10, 10, // pimg[193]
191, 8, 31, 0, 0, 10, 10, // pimg[191]
192, 14, 11, 0, 0, 10, 10, // pimg[192]
197, -58, -69, 0, 0, 10, 10, // pimg[197]
202, -20, 10, 0, 0, 10, 10, // pimg[202]
204, 31, 17, 0, 0, 10, 10, // pimg[204]
176, -73, -5, 0, 0, 10, 10, // pimg[176]
207, -7, -4, 0, 0, 10, 10, // pimg[207]
284, -65, -64, 0, 0, 10, 10, // pimg[284]
216, -24, -40, 0, 0, 10, 10, // pimg[216]
224, 3, -45, 0, 0, 10, 10, // pimg[224]
215, -11, -42, 0, 0, 10, 10, // pimg[215]
217, -66, -17, 0, 0, 10, 10, // pimg[217]
223, -46, -10, 0, 0, 10, 10, // pimg[223]
231, 10, -25, 0, 0, 10, 10, // pimg[231]
177, -13, 17, 0, 0, 10, 10, // pimg[177]
178, -66, 21, 0, 0, 10, 10, // pimg[178]
215, -10, -16, 0, 0, 10, 10, // pimg[215]
216, 38, -12, 0, 0, 10, 10, // pimg[216]
213, 17, -13, 0, 0, 10, 10, // pimg[213]
226, 27, 6, 0, 0, 10, 10, // pimg[226]
224, 53, -15, 0, 0, 10, 10, // pimg[224]
231, 48, 6, 0, 0, 10, 10, // pimg[231]
230, 1, 4, 0, 0, 10, 10, // pimg[230]
227, -34, 3, 0, 0, 10, 10, // pimg[227]
223, -32, 19, 0, 0, 10, 10, // pimg[223]
222, -7, 31, 518, 0, 10, 10, // pimg[222]
218, 20, 26, 0, 0, 10, 10, // pimg[218]
176, -73, -5, 0, 0, 10, 10, // pimg[176]
224, -34, -45, 0, 0, 10, 10, // pimg[224]
209, -55, -24, 0, 0, 10, 10, // pimg[209]
230, -12, -30, 0, 0, 10, 10, // pimg[230]
77, -33, -39, 0, 0, 10, 10, // pimg[77]
177, -13, 17, 0, 0, 10, 10, // pimg[177]
214, 24, -15, 0, 0, 10, 10, // pimg[214]
215, 13, -18, 0, 0, 10, 10, // pimg[215]
224, 43, -16, 0, 0, 10, 10, // pimg[224]
217, 41, 7, 0, 0, 10, 10, // pimg[217]
227, -2, 1, 0, 0, 10, 10, // pimg[227]
228, 5, 5, 0, 0, 10, 10, // pimg[228]
219, 10, 25, 617, 0, 10, 10, // pimg[219]
223, 31, 18, 0, 0, 10, 10, // pimg[223]
218, 44, 26, 600, 0, 10, 10, // pimg[218]
178, -66, 21, 0, 0, 10, 10, // pimg[178]
178, -66, 21, 0, 0, 10, 10, // pimg[178]
198, 25, -19, 0, 0, 10, 10, // pimg[198]
205, -26, -31, 0, 0, 10, 10, // pimg[205]
77, -13, -11, 0, 0, 10, 10, // pimg[77]
215, 10, 18, 161, 0, 10, 10, // pimg[215]
209, -26, 10, 0, 0, 10, 10, // pimg[209]
222, 5, 26, 547, 0, 10, 10, // pimg[222]
176, -73, -5, 0, 0, 10, 10, // pimg[176]
201, -26, -49, 0, 0, 10, 10, // pimg[201]
203, -37, -14, 0, 0, 10, 10, // pimg[203]
184, -120, -50, 0, 0, 10, 10, // pimg[184]
202, -89, -23, 0, 0, 10, 10, // pimg[202]
206, -115, -43, 0, 0, 10, 10, // pimg[206]
204, 39, 22, 0, 0, 10, 10, // pimg[204]
208, -10, 30, 0, 0, 10, 10, // pimg[208]
212, 0, 31, 0, 0, 10, 10, // pimg[212]
234, -45, 1, 0, 0, 10, 10, // pimg[234]
175, -69, -7, 0, 0, 10, 10, // pimg[175]
203, -46, -95, 0, 0, 10, 10, // pimg[203]
77, -29, -41, 0, 0, 10, 10, // pimg[77]
224, -56, -42, 0, 0, 10, 10, // pimg[224]
167, -21, 10, 0, 0, 10, 10, // pimg[167]
166, -25, -63, 0, 0, 10, 10, // pimg[166]
165, 0, -53, 0, 0, 10, 10, // pimg[165]
164, 0, -13, 0, 0, 10, 10, // pimg[164]
168, -39, -59, 0, 0, 10, 10, // pimg[168]
235, 0, -53, 0, 0, 10, 10, // pimg[235]
184, -120, -50, 0, 0, 10, 10, // pimg[184]
202, -70, 22, 400, 0, 10, 10, // pimg[202]
206, -115, -43, 0, 0, 10, 10, // pimg[206]
238, 0, 0, 0, 0, 10, 10, // pimg[238]
239, 2, 4, 0, 0, 10, 10, // pimg[239]
238, 0, 0, 0, 0, 10, 10, // pimg[238]
407, 9, 30, 0, 0, 10, 10, // pimg[407]
239, 6, 55, 313, 0, 10, 10, // pimg[239]
238, 0, 0, 0, 0, 10, 10, // pimg[238]
408, 6, 30, 0, 0, 10, 10, // pimg[408]
239, 6, 55, 313, 0, 10, 10, // pimg[239]
238, 0, 0, 0, 0, 10, 10, // pimg[238]
409, 9, 27, 0, 0, 10, 10, // pimg[409]
239, 6, 55, 313, 0, 10, 10, // pimg[239]
210, -18, -24, 0, 0, 10, 10, // pimg[210]
238, 0, 0, 0, 0, 10, 10, // pimg[238]
239, 6, 55, 313, 0, 10, 10, // pimg[239]
240, -4, 0, 0, 0, 10, 10, // pimg[240]
240, -4, 0, 0, 0, 10, 10, // pimg[240]
241, -3, 2, 0, 0, 10, 10, // pimg[241]
242, 32, 2, 0, 0, 10, 10, // pimg[242]
243, -14, 2, 0, 0, 10, 10, // pimg[243]
240, -4, 0, 0, 0, 10, 10, // pimg[240]
241, -3, 2, 0, 0, 10, 10, // pimg[241]
407, 18, 30, 0, 0, 10, 10, // pimg[407]
407, 10, 30, 0, 0, 10, 10, // pimg[407]
407, 2, 30, 0, 0, 10, 10, // pimg[407]
242, 32, 2, 0, 0, 10, 10, // pimg[242]
243, -14, 2, 0, 0, 10, 10, // pimg[243]
240, -4, 0, 0, 0, 10, 10, // pimg[240]
241, -3, 2, 0, 0, 10, 10, // pimg[241]
408, 15, 29, 0, 0, 10, 10, // pimg[408]
407, 4, 29, 0, 0, 10, 10, // pimg[407]
242, 32, 2, 0, 0, 10, 10, // pimg[242]
243, -14, 2, 0, 0, 10, 10, // pimg[243]
240, -4, 0, 0, 0, 10, 10, // pimg[240]
241, -3, 2, 0, 0, 10, 10, // pimg[241]
407, 18, 30, 0, 0, 10, 10, // pimg[407]
407, 10, 30, 0, 0, 10, 10, // pimg[407]
409, 2, 25, 0, 0, 10, 10, // pimg[409]
242, 32, 2, 0, 0, 10, 10, // pimg[242]
243, -14, 2, 0, 0, 10, 10, // pimg[243]
404, -65, -172, 0, 0, 10, 10, // pimg[404]
345, 14, 70, 0, 0, 10, 10, // pimg[345]
345, 5, 86, 0, 0, 10, 10, // pimg[345]
345, 19, 96, 0, 0, 10, 10, // pimg[345]
394, 1, -61, 0, 0, 10, 10, // pimg[394]
32, 0, -18, 0, 0, 10, 10, // pimg[32]
34, 0, 12, 0, 0, 10, 10, // pimg[34]
139, -16, -119, 0, 0, 10, 10, // pimg[139]
402, -16, -196, 0, 0, 10, 10, // pimg[402]
400, -3, -164, 0, 0, 10, 10, // pimg[400]
139, -16, -119, 0, 0, 10, 10, // pimg[139]
401, -3, -165, 0, 0, 10, 10, // pimg[401]
345, 14, 70, 0, 0, 10, 10, // pimg[345]
345, 5, 86, 0, 0, 10, 10, // pimg[345]
306, 14, 42, 0, 0, 10, 10, // pimg[306]
306, 5, 58, 0, 0, 10, 10, // pimg[306]
344, 14, 25, 0, 0, 10, 10, // pimg[344]
344, 5, 41, 0, 0, 10, 10, // pimg[344]
246, 14, 10, 0, 0, 10, 10, // pimg[246]
246, 5, 26, 0, 0, 10, 10, // pimg[246]
246, 14, 10, 0, 0, 10, 10, // pimg[246]
246, 5, 26, 0, 0, 10, 10, // pimg[246]
344, 14, 25, 0, 0, 10, 10, // pimg[344]
344, 5, 41, 0, 0, 10, 10, // pimg[344]
306, 14, 42, 0, 0, 10, 10, // pimg[306]
306, 5, 58, 0, 0, 10, 10, // pimg[306]
345, 14, 70, 0, 0, 10, 10, // pimg[345]
345, 5, 86, 0, 0, 10, 10, // pimg[345]
175, -69, -7, 0, 0, 10, 10, // pimg[175]
398, -57, -7, 0, 0, 10, 10, // pimg[398]
397, -63, -3, 0, 0, 10, 10, // pimg[397]
396, -18, 65, 0, 0, 10, 10, // pimg[396]
176, -73, -5, 0, 0, 10, 10, // pimg[176]
204, -11, 74, 470, 0, 10, 10, // pimg[204]
398, -67, -6, 0, 0, 10, 10, // pimg[398]
177, -13, 17, 0, 0, 10, 10, // pimg[177]
397, -17, 15, 0, 0, 10, 10, // pimg[397]
178, -66, 21, 0, 0, 10, 10, // pimg[178]
396, 6, 21, 0, 0, 10, 10, // pimg[396]
398, -54, 22, 0, 0, 10, 10, // pimg[398]
326, -4, -24, 0, 0, 10, 10, // pimg[326]
326, 68, -24, 0, 0, 20, 10, // pimg[326]
288, 0, 0, 0, 0, 10, 10, // pimg[288]
0, -2, -6, 0, 0, 10, 10, // pimg[0]
0, 0, -2, 0, 0, 10, 10, // pimg[0]
0, 0, 0, 0, 0, 10, 10, // pimg[0]
287, 5, -96, 0, 0, 10, 10, // pimg[287]
0, 1, 1, 0, 0, 10, 10, // pimg[0]
311, -32, -32, 0, 0, 10, 10, // pimg[311]
312, -32, -32, 0, 0, 10, 10, // pimg[312]
313, -32, -32, 0, 0, 10, 10, // pimg[313]
311, -32, -32, 0, 0, 10, 10, // pimg[311]
312, -32, -32, 0, 0, 10, 10, // pimg[312]
118, 0, 0, 0, 0, 10, 10, // pimg[118]
319, 0, 0, 0, 0, 10, 10, // pimg[319]
338, 0, 0, 0, 0, 10, 10, // pimg[338]
339, 0, 0, 0, 0, 10, 10, // pimg[339]
307, 0, -111, 0, 0, 10, 10, // pimg[307]
308, -1, -111, 0, 0, 10, 10, // pimg[308]
309, 0, -111, 0, 0, 10, 10, // pimg[309]
310, -1, -111, 0, 0, 10, 10, // pimg[310]
302, -3, -64, 0, 0, 10, 10, // pimg[302]
303, 0, -64, 0, 0, 10, 10, // pimg[303]
304, 0, -64, 0, 0, 10, 10, // pimg[304]
303, 0, -64, 0, 0, 10, 10, // pimg[303]
305, 39, -18, 0, 0, 10, 10, // pimg[305]
1, -158, -321, 0, 0, 10, 10, // pimg[1]
2, -127, -321, 0, 0, 10, 10, // pimg[2]
2, 0, -321, 0, 0, 10, 10, // pimg[2]
3, 127, -321, 0, 0, 10, 10, // pimg[3]
1, -158, -445, 0, 0, 10, 10, // pimg[1]
2, -126, -446, 0, 0, 10, 10, // pimg[2]
2, 0, -446, 0, 0, 10, 10, // pimg[2]
3, 127, -446, 0, 0, 10, 10, // pimg[3]
4, 127, -133, 0, 0, 10, 10, // pimg[4]
5, -158, -117, 0, 0, 10, 10, // pimg[5]
6, -129, -117, 0, 0, 10, 10, // pimg[6]
6, -1, -117, 0, 0, 10, 10, // pimg[6]
61, -59, -143, 0, 6, 10, 10, // pimg[61]
44, -131, -179, 0, 0, 10, 10, // pimg[44]
45, 24, -191, 0, 0, 10, 10, // pimg[45]
225, -133, -284, 0, 0, 10, 10, // pimg[225]
225, 29, -284, 0, 0, 10, 10, // pimg[225]
1, -158, -321, 0, 0, 10, 10, // pimg[1]
2, -127, -321, 0, 0, 10, 10, // pimg[2]
2, 0, -321, 0, 0, 10, 10, // pimg[2]
3, 127, -321, 0, 0, 10, 10, // pimg[3]
61, -59, -143, 0, 0, 10, 10, // pimg[61]
1, -158, -539, 0, 0, 10, 10, // pimg[1]
2, 2, -540, 0, 0, 10, 10, // pimg[2]
2, -126, -540, 0, 0, 10, 10, // pimg[2]
3, 127, -540, 0, 0, 10, 10, // pimg[3]
64, -145, -151, 0, 0, 10, 10, // pimg[64]
49, -69, -82, 0, 0, 10, 10, // pimg[49]
50, -69, -122, 0, 0, 10, 10, // pimg[50]
51, -68, -45, 0, 0, 10, 10, // pimg[51]
4, 127, -241, 0, 0, 10, 10, // pimg[4]
5, -158, -221, 0, 0, 10, 10, // pimg[5]
6, -1, -217, 0, 0, 10, 10, // pimg[6]
6, -130, -217, 0, 0, 10, 10, // pimg[6]
225, -118, -326, 0, 0, 10, 10, // pimg[225]
225, 19, -326, 0, 0, 10, 10, // pimg[225]
1, -221, -321, 0, 0, 10, 10, // pimg[1]
2, -64, -321, 0, 0, 10, 10, // pimg[2]
2, -190, -321, 0, 0, 10, 10, // pimg[2]
2, 62, -321, 0, 0, 10, 10, // pimg[2]
3, 188, -321, 0, 0, 10, 10, // pimg[3]
1, -221, -519, 0, 0, 10, 10, // pimg[1]
2, -189, -520, 0, 0, 10, 10, // pimg[2]
2, -61, -520, 0, 0, 10, 10, // pimg[2]
2, 67, -520, 0, 0, 10, 10, // pimg[2]
3, 188, -520, 0, 0, 10, 10, // pimg[3]
4, 188, -217, 0, 0, 10, 10, // pimg[4]
5, -221, -201, 0, 0, 10, 10, // pimg[5]
212, -100, 0, 0, 0, 10, 10, // pimg[212]
307, 70, -143, 0, 6, 10, 10, // pimg[307]
96, -33, -249, 0, 0, 10, 10, // pimg[96]
79, -202, -155, 0, 0, 10, 10, // pimg[79]
43, -55, -168, 0, 0, 10, 10, // pimg[43]
45, -50, -95, 0, 0, 10, 10, // pimg[45]
97, -10, -221, 0, 0, 10, 10, // pimg[97]
1, -221, -321, 0, 0, 10, 10, // pimg[1]
2, -64, -321, 0, 0, 10, 10, // pimg[2]
2, -190, -321, 0, 0, 10, 10, // pimg[2]
2, 62, -321, 0, 0, 10, 10, // pimg[2]
3, 188, -321, 0, 0, 10, 10, // pimg[3]
1, -220, -475, 0, 0, 10, 10, // pimg[1]
2, -188, -476, 0, 0, 10, 10, // pimg[2]
2, -60, -476, 0, 0, 10, 10, // pimg[2]
2, 68, -476, 0, 0, 10, 10, // pimg[2]
3, 188, -476, 0, 0, 10, 10, // pimg[3]
4, 188, -175, 0, 0, 10, 10, // pimg[4]
5, -221, -151, 0, 0, 10, 10, // pimg[5]
6, -189, -161, 0, 0, 10, 10, // pimg[6]
6, -61, -159, 0, 0, 10, 10, // pimg[6]
45, -40, -135, 0, 0, 10, 10, // pimg[45]
47, -133, -146, 0, 0, 10, 10, // pimg[47]
80, -220, -70, 0, 0, 10, 10, // pimg[80]
61, 80, -143, 0, 6, 10, 10, // pimg[61]
52, -147, -250, 0, 0, 10, 10, // pimg[52]
7, -158, -334, 0, 0, 10, 10, // pimg[7]
8, -127, -334, 0, 0, 10, 10, // pimg[8]
8, 0, -334, 0, 0, 10, 10, // pimg[8]
9, 127, -334, 0, 0, 10, 10, // pimg[9]
9, 127, -481, 0, 0, 10, 10, // pimg[9]
8, -1, -481, 0, 0, 10, 10, // pimg[8]
8, -129, -481, 0, 0, 10, 10, // pimg[8]
7, -158, -481, 0, 0, 10, 10, // pimg[7]
10, -158, -162, 0, 0, 10, 10, // pimg[10]
11, -126, -162, 0, 0, 10, 10, // pimg[11]
11, 2, -162, 0, 0, 10, 10, // pimg[11]
12, 127, -162, 0, 0, 10, 10, // pimg[12]
61, -59, -143, 0, 6, 10, 10, // pimg[61]
225, -133, -284, 0, 0, 10, 10, // pimg[225]
225, 29, -284, 0, 0, 10, 10, // pimg[225]
57, 61, -170, 0, 0, 10, 10, // pimg[57]
7, -158, -334, 0, 0, 10, 10, // pimg[7]
8, -127, -334, 0, 0, 10, 10, // pimg[8]
8, 0, -334, 0, 0, 10, 10, // pimg[8]
9, 127, -334, 0, 0, 10, 10, // pimg[9]
60, -89, 30, 0, 0, 10, 10, // pimg[60]
9, 127, -516, 0, 0, 10, 10, // pimg[9]
8, -1, -516, 0, 0, 10, 10, // pimg[8]
8, -129, -516, 0, 0, 10, 10, // pimg[8]
7, -158, -516, 0, 0, 10, 10, // pimg[7]
12, 127, -197, 0, 0, 10, 10, // pimg[12]
61, 28, -143, 0, 6, 10, 10, // pimg[61]
10, -158, -181, 0, 0, 10, 10, // pimg[10]
225, 23, -302, 0, 0, 10, 10, // pimg[225]
225, -116, -302, 0, 0, 10, 10, // pimg[225]
63, -71, -169, 0, 0, 10, 10, // pimg[63]
67, -175, -194, 0, 0, 10, 10, // pimg[67]
106, -167, -118, 0, 0, 10, 10, // pimg[106]
106, -167, -232, 0, 0, 10, 10, // pimg[106]
7, -262, -334, 0, 0, 10, 10, // pimg[7]
8, -127, -334, 0, 0, 10, 10, // pimg[8]
8, 0, -334, 0, 0, 10, 10, // pimg[8]
8, -246, -334, 0, 0, 10, 10, // pimg[8]
8, 103, -334, 0, 0, 10, 10, // pimg[8]
9, 218, -334, 0, 0, 10, 10, // pimg[9]
9, 218, -469, 0, 0, 10, 10, // pimg[9]
8, 90, -469, 0, 0, 10, 10, // pimg[8]
8, -38, -469, 0, 0, 10, 10, // pimg[8]
8, -166, -469, 0, 0, 10, 10, // pimg[8]
7, -262, -468, 0, 0, 10, 10, // pimg[7]
8, -242, -468, 0, 0, 10, 10, // pimg[8]
64, -209, -116, 0, 0, 10, 10, // pimg[64]
12, 218, -162, 0, 0, 10, 10, // pimg[12]
61, 120, -143, 0, 6, 10, 10, // pimg[61]
63, 24, -161, 0, 0, 10, 10, // pimg[63]
65, -105, -140, 0, 0, 10, 10, // pimg[65]
7, -221, -334, 0, 0, 10, 10, // pimg[7]
8, -64, -334, 0, 0, 10, 10, // pimg[8]
8, -190, -334, 0, 0, 10, 10, // pimg[8]
8, 62, -334, 0, 0, 10, 10, // pimg[8]
9, 188, -334, 0, 0, 10, 10, // pimg[9]
7, -221, -481, 0, 0, 10, 10, // pimg[7]
8, -189, -481, 0, 0, 10, 10, // pimg[8]
8, -61, -481, 0, 0, 10, 10, // pimg[8]
8, 67, -481, 0, 0, 10, 10, // pimg[8]
9, 188, -481, 0, 0, 10, 10, // pimg[9]
10, -221, -150, 0, 0, 10, 10, // pimg[10]
12, 188, -171, 0, 0, 10, 10, // pimg[12]
61, 25, -143, 0, 6, 10, 10, // pimg[61]
13, -230, -324, 0, 0, 10, 10, // pimg[13]
14, -166, -324, 0, 0, 10, 10, // pimg[14]
14, -40, -324, 0, 0, 10, 10, // pimg[14]
14, 75, -324, 0, 0, 10, 10, // pimg[14]
15, 190, -324, 0, 0, 10, 10, // pimg[15]
225, -145, -240, 0, 0, 10, 10, // pimg[225]
7, -221, -334, 0, 0, 10, 10, // pimg[7]
8, -64, -334, 0, 0, 10, 10, // pimg[8]
8, -190, -334, 0, 0, 10, 10, // pimg[8]
8, 62, -334, 0, 0, 10, 10, // pimg[8]
9, 188, -334, 0, 0, 10, 10, // pimg[9]
7, -221, -480, 0, 0, 10, 10, // pimg[7]
8, -189, -480, 0, 0, 10, 10, // pimg[8]
8, -61, -480, 0, 0, 10, 10, // pimg[8]
8, 67, -480, 0, 0, 10, 10, // pimg[8]
9, 188, -480, 0, 0, 10, 10, // pimg[9]
12, 188, -153, 0, 0, 10, 10, // pimg[12]
10, -221, -144, 0, 0, 10, 10, // pimg[10]
61, 53, -143, 0, 6, 10, 10, // pimg[61]
45, 86, -240, 0, 0, 10, 10, // pimg[45]
52, -181, -329, 0, 0, 10, 10, // pimg[52]
52, -51, -330, 0, 0, 10, 10, // pimg[52]
52, 85, -330, 0, 0, 10, 10, // pimg[52]
57, -21, -223, 0, 0, 10, 10, // pimg[57]
55, -181, -102, 0, 0, 10, 10, // pimg[55]
133, -76, -141, 0, 0, 10, 10, // pimg[133]
133, 1, -141, 0, 0, 10, 10, // pimg[133]
133, -82, -141, 0, 0, 10, 10, // pimg[133]
133, 7, -141, 0, 0, 10, 10, // pimg[133]
133, -94, -141, 0, 0, 10, 10, // pimg[133]
133, 19, -141, 0, 0, 10, 10, // pimg[133]
133, -106, -141, 0, 0, 10, 10, // pimg[133]
133, 31, -141, 0, 0, 10, 10, // pimg[133]
133, -118, -141, 0, 0, 10, 10, // pimg[133]
133, 43, -141, 0, 0, 10, 10, // pimg[133]
133, -130, -141, 0, 0, 10, 10, // pimg[133]
133, 55, -141, 0, 0, 10, 10, // pimg[133]
133, -146, -141, 0, 0, 10, 10, // pimg[133]
133, 70, -141, 0, 0, 10, 10, // pimg[133]
61, 0, -111, 0, 0, 10, 10, // pimg[61]
211, 23, -143, 0, 0, 10, 10, // pimg[211]
87, 0, -111, 0, 0, 10, 10, // pimg[87]
211, 23, -143, 0, 0, 10, 10, // pimg[211]
260, 3, -20, 0, 0, 10, 10, // pimg[260]
249, -3, -32, 0, 0, 10, 10, // pimg[249]
250, -2, -26, 0, 0, 10, 10, // pimg[250]
266, -6, -9, 0, 0, 10, 10, // pimg[266]
251, 9, -35, 0, 0, 10, 10, // pimg[251]
252, -13, 13, 380, 0, 10, 10, // pimg[252]
253, -26, -40, 0, 0, 10, 10, // pimg[253]
267, 0, -1, 0, 0, 10, 10, // pimg[267]
266, 0, -1, 0, 0, 10, 10, // pimg[266]
271, 0, 0, 0, 0, 10, 10, // pimg[271]
267, 9, 7, 158, 0, 10, 10, // pimg[267]
267, 9, 0, 158, 0, 10, 10, // pimg[267]
266, 9, 0, 158, 0, 10, 10, // pimg[266]
270, 24, 0, 0, 0, 10, 10, // pimg[270]
267, 33, 7, 158, 0, 10, 10, // pimg[267]
267, 33, 0, 158, 0, 10, 10, // pimg[267]
266, 33, 0, 158, 0, 10, 10, // pimg[266]
269, 24, 25, 0, 0, 10, 10, // pimg[269]
267, 33, -6, 158, 0, 10, 10, // pimg[267]
267, 0, 24, 0, 0, 10, 10, // pimg[267]
266, 0, 24, 0, 0, 10, 10, // pimg[266]
272, 0, 25, 0, 0, 10, 10, // pimg[272]
267, 9, -5, 158, 0, 10, 10, // pimg[267]
267, 9, 0, 158, 0, 10, 10, // pimg[267]
266, 9, 0, 158, 0, 10, 10, // pimg[266]
267, 0, -1, 0, 0, 10, 10, // pimg[267]
273, 31, 0, 0, 0, 10, 10, // pimg[273]
267, 0, -1, 0, 0, 10, 10, // pimg[267]
274, -10, 0, 0, 0, 10, 10, // pimg[274]
267, 9, 0, 158, 0, 10, 10, // pimg[267]
275, 0, 31, 0, 0, 10, 10, // pimg[275]
267, 9, 0, 158, 0, 10, 10, // pimg[267]
276, 0, -8, 0, 0, 10, 10, // pimg[276]
267, 0, -1, 0, 0, 10, 10, // pimg[267]
277, 11, -1, 0, 0, 10, 10, // pimg[277]
267, 0, 24, 0, 0, 10, 10, // pimg[267]
277, 11, 24, 0, 0, 10, 10, // pimg[277]
267, 9, 0, 158, 0, 10, 10, // pimg[267]
278, -1, 12, 0, 0, 10, 10, // pimg[278]
267, 33, 0, 158, 0, 10, 10, // pimg[267]
278, 23, 12, 0, 0, 10, 10, // pimg[278]
267, 9, 0, 158, 0, 10, 10, // pimg[267]
279, -7, 6, 0, 0, 10, 10, // pimg[279]
267, 0, -1, 0, 0, 10, 10, // pimg[267]
279, 25, -6, 161, 0, 10, 10, // pimg[279]
281, 0, -62, 0, 0, 10, 10, // pimg[281]
266, 14, -37, 0, 0, 10, 10, // pimg[266]
267, 46, -37, 0, 0, 10, 10, // pimg[267]
272, 78, -37, 0, 0, 10, 10, // pimg[272]
277, 51, -37, 625, 0, 10, 10, // pimg[277]
282, -1, -93, 0, 0, 10, 10, // pimg[282]
282, 76, -69, 0, 0, 10, 10, // pimg[282]
279, 73, -52, 0, 0, 10, 10, // pimg[279]
267, 9, 0, 158, 0, 10, 10, // pimg[267]
278, -1, 12, 0, 0, 10, 10, // pimg[278]
282, -3, -17, 0, 0, 10, 10, // pimg[282]
283, 0, 0, 0, 0, 10, 10, // pimg[283]
283, 24, 0, 0, 0, 10, 10, // pimg[283]
256, 0, 0, 0, 0, 10, 10, // pimg[256]
330, 0, 0, 0, 0, 10, 10, // pimg[330]
257, 0, 0, 0, 0, 10, 10, // pimg[257]
258, 0, 0, 0, 0, 10, 10, // pimg[258]
259, 0, 0, 0, 0, 10, 10, // pimg[259]
329, 0, 0, 0, 0, 10, 10, // pimg[329]
260, -30, 1, 0, 0, 10, 10, // pimg[260]
261, 31, -6, 0, 0, 10, 10, // pimg[261]
267, 0, -1, 0, 0, 10, 10, // pimg[267]
274, 22, 10, 0, 0, 10, 10, // pimg[274]
283, 40, 22, 0, 0, 10, 10, // pimg[283]
267, 0, -1, 0, 0, 10, 10, // pimg[267]
248, 37, 34, 0, 0, 10, 10, // pimg[248]
254, 31, -22, 0, 0, 10, 10, // pimg[254]
267, 72, -54, 158, 0, 10, 10, // pimg[267]
276, 63, -64, 0, 0, 10, 10, // pimg[276]
266, 90, -3, 0, 0, 10, 10, // pimg[266]
250, 76, 9, 0, 0, 10, 10, // pimg[250]
194, 86, 39, 0, 0, 10, 10, // pimg[194]
277, 119, -3, 0, 0, 10, 10, // pimg[277]
267, 9, 0, 158, 0, 10, 10, // pimg[267]
262, -18, 30, 0, 0, 10, 10, // pimg[262]
267, 0, -1, 0, 0, 10, 10, // pimg[267]
260, 21, 16, 0, 0, 10, 10, // pimg[260]
254, 31, -22, 0, 0, 10, 10, // pimg[254]
266, 90, -3, 0, 0, 10, 10, // pimg[266]
282, 60, -54, 0, 0, 10, 10, // pimg[282]
273, 119, -2, 0, 0, 10, 10, // pimg[273]
291, 0, -60, 0, 0, 10, 10, // pimg[291]
252, 56, -84, 0, 0, 10, 10, // pimg[252]
263, 0, 0, 0, 0, 10, 10, // pimg[263]
264, 0, 0, 0, 0, 10, 10, // pimg[264]
265, 0, 0, 0, 0, 10, 10, // pimg[265]
280, -5, -5, 0, 0, 10, 10, // pimg[280]
267, 9, -35, 158, 0, 10, 10, // pimg[267]
61, 0, -111, 0, 0, 10, 10, // pimg[61]
49, -9, -5, 0, 0, 10, 10, // pimg[49]
50, -10, -89, 0, 0, 10, 10, // pimg[50]
51, -7, -47, 0, 0, 10, 10, // pimg[51]
50, -10, 23, 0, 0, 10, 10, // pimg[50]
345, -5, -290, 0, 0, 10, 10, // pimg[345]
325, -36, -293, 10, 0, 10, 10, // pimg[325]
345, -5, -290, 0, 0, 10, 10, // pimg[345]
325, -34, -300, 30, 0, 10, 10, // pimg[325]
345, -5, -290, 0, 0, 10, 10, // pimg[345]
325, -30, -306, 50, 0, 10, 10, // pimg[325]
345, -5, -290, 0, 0, 10, 10, // pimg[345]
325, -26, -312, 70, 0, 10, 10, // pimg[325]
345, -5, -290, 0, 0, 10, 10, // pimg[345]
325, -21, -316, 90, 0, 10, 10, // pimg[325]
345, -5, -290, 0, 0, 10, 10, // pimg[345]
325, -15, -319, 110, 0, 10, 10, // pimg[325]
345, -5, -290, 0, 0, 10, 10, // pimg[345]
325, -9, -321, 126, 0, 10, 10, // pimg[325]
345, -5, -290, 0, 0, 10, 10, // pimg[345]
325, -4, -322, 137, 0, 10, 10, // pimg[325]
345, -5, -290, 0, 0, 10, 10, // pimg[345]
325, -2, -322, 142, 0, 10, 10, // pimg[325]
345, -5, -290, 0, 0, 10, 10, // pimg[345]
325, -1, -322, 145, 0, 10, 10, // pimg[325]
345, -5, -290, 0, 0, 10, 10, // pimg[345]
325, 0, -322, 147, 0, 10, 10, // pimg[325]
345, -5, -290, 0, 0, 10, 10, // pimg[345]
325, 0, -322, 148, 0, 10, 10, // pimg[325]
345, -5, -290, 0, 0, 10, 10, // pimg[345]
325, 0, -322, 148, 0, 10, 10, // pimg[325]
345, -5, -290, 0, 0, 10, 10, // pimg[345]
325, -1, -322, 146, 0, 10, 10, // pimg[325]
345, -5, -290, 0, 0, 10, 10, // pimg[345]
325, -3, -322, 141, 0, 10, 10, // pimg[325]
345, -5, -290, 0, 0, 10, 10, // pimg[345]
325, -6, -322, 131, 0, 10, 10, // pimg[325]
345, -5, -290, 0, 0, 10, 10, // pimg[345]
325, -14, -320, 111, 0, 10, 10, // pimg[325]
345, -5, -290, 0, 0, 10, 10, // pimg[345]
325, -20, -316, 91, 0, 10, 10, // pimg[325]
345, -5, -290, 0, 0, 10, 10, // pimg[345]
325, -25, -312, 71, 0, 10, 10, // pimg[325]
345, -5, -290, 0, 0, 10, 10, // pimg[345]
325, -30, -307, 51, 0, 10, 10, // pimg[325]
345, -5, -290, 0, 0, 10, 10, // pimg[345]
325, -34, -300, 31, 0, 10, 10, // pimg[325]
345, -5, -290, 0, 0, 10, 10, // pimg[345]
325, -36, -294, 11, 0, 10, 10, // pimg[325]
345, -5, -290, 0, 0, 10, 10, // pimg[345]
325, -36, -286, 618, 0, 10, 10, // pimg[325]
345, -5, -290, 0, 0, 10, 10, // pimg[345]
325, -35, -279, 598, 0, 10, 10, // pimg[325]
345, -5, -290, 0, 0, 10, 10, // pimg[345]
325, -33, -272, 578, 0, 10, 10, // pimg[325]
345, -5, -290, 0, 0, 10, 10, // pimg[345]
325, -29, -265, 558, 0, 10, 10, // pimg[325]
345, -5, -290, 0, 0, 10, 10, // pimg[345]
325, -24, -260, 538, 0, 10, 10, // pimg[325]
345, -5, -290, 0, 0, 10, 10, // pimg[345]
325, -19, -256, 518, 0, 10, 10, // pimg[325]
345, -5, -290, 0, 0, 10, 10, // pimg[345]
325, -15, -254, 502, 0, 10, 10, // pimg[325]
345, -5, -290, 0, 0, 10, 10, // pimg[345]
325, -11, -253, 491, 0, 10, 10, // pimg[325]
345, -5, -290, 0, 0, 10, 10, // pimg[345]
325, -10, -252, 486, 0, 10, 10, // pimg[325]
345, -5, -290, 0, 0, 10, 10, // pimg[345]
325, -9, -252, 483, 0, 10, 10, // pimg[325]
345, -5, -290, 0, 0, 10, 10, // pimg[345]
325, -8, -252, 481, 0, 10, 10, // pimg[325]
345, -5, -290, 0, 0, 10, 10, // pimg[345]
325, -7, -252, 480, 0, 10, 10, // pimg[325]
345, -5, -290, 0, 0, 10, 10, // pimg[345]
325, -7, -252, 480, 0, 10, 10, // pimg[325]
345, -5, -290, 0, 0, 10, 10, // pimg[345]
325, -7, -252, 482, 0, 10, 10, // pimg[325]
345, -5, -290, 0, 0, 10, 10, // pimg[345]
325, -9, -252, 487, 0, 10, 10, // pimg[325]
345, -5, -290, 0, 0, 10, 10, // pimg[345]
325, -13, -253, 497, 0, 10, 10, // pimg[325]
345, -5, -290, 0, 0, 10, 10, // pimg[345]
325, -19, -256, 517, 0, 10, 10, // pimg[325]
345, -5, -290, 0, 0, 10, 10, // pimg[345]
325, -24, -260, 537, 0, 10, 10, // pimg[325]
345, -5, -290, 0, 0, 10, 10, // pimg[345]
325, -29, -265, 557, 0, 10, 10, // pimg[325]
345, -5, -290, 0, 0, 10, 10, // pimg[345]
325, -33, -272, 577, 0, 10, 10, // pimg[325]
345, -5, -290, 0, 0, 10, 10, // pimg[345]
325, -35, -279, 597, 0, 10, 10, // pimg[325]
345, -5, -290, 0, 0, 10, 10, // pimg[345]
325, -36, -286, 617, 0, 10, 10, // pimg[325]
347, -18, -33, 0, 0, 10, 10, // pimg[347]
346, -25, -30, 0, 0, 10, 10, // pimg[346]
350, 0, -21, 0, 0, 10, 10, // pimg[350]
357, 0, 71, 0, 0, 10, 10, // pimg[357]
370, -49, -332, 0, 0, 10, 10, // pimg[370]
360, -3, -249, 0, 0, 10, 10, // pimg[360]
364, -78, -207, 0, 0, 10, 10, // pimg[364]
361, -72, -155, 0, 0, 10, 10, // pimg[361]
359, -192, -205, 0, 0, 10, 10, // pimg[359]
358, -33, -148, 0, 0, 10, 10, // pimg[358]
368, 3, -214, 0, 0, 10, 10, // pimg[368]
363, -75, -137, 0, 0, 10, 10, // pimg[363]
371, -51, -348, 0, 0, 10, 10, // pimg[371]
362, -1, -311, 0, 0, 10, 10, // pimg[362]
370, -49, -332, 0, 0, 10, 10, // pimg[370]
364, 53, -262, 200, 0, 10, 10, // pimg[364]
367, -90, -209, 567, 0, 10, 10, // pimg[367]
365, 54, -142, 200, 0, 10, 10, // pimg[365]
368, -88, -81, 500, 0, 10, 10, // pimg[368]
358, -5, -150, 0, 0, 10, 10, // pimg[358]
368, -3, -279, 0, 0, 10, 10, // pimg[368]
363, -74, -99, 0, 0, 10, 10, // pimg[363]
370, -49, -325, 0, 0, 10, 10, // pimg[370]
361, -88, -247, 0, 0, 10, 10, // pimg[361]
359, -160, -240, 0, 0, 10, 10, // pimg[359]
368, 18, -279, 0, 0, 10, 10, // pimg[368]
363, -55, -168, 0, 0, 10, 10, // pimg[363]
372, -48, -305, 0, 0, 10, 10, // pimg[372]
369, 15, -137, 0, 0, 10, 10, // pimg[369]
359, -160, -208, 0, 0, 10, 10, // pimg[359]
362, 12, -221, 0, 0, 10, 10, // pimg[362]
365, -71, -138, 0, 0, 10, 10, // pimg[365]
374, -54, -297, 0, 0, 10, 10, // pimg[374]
313, -32, -32, 0, 0, 10, 10, // pimg[313]
86, 7, 11, 0, 0, 10, 10, // pimg[86]
43, -93, 0, 0, 0, 10, 10, // pimg[43]
345, 19, 96, 0, 0, 10, 10, // pimg[345]
306, 19, 68, 0, 0, 10, 10, // pimg[306]
344, 19, 51, 0, 0, 10, 10, // pimg[344]
246, 19, 36, 0, 0, 10, 10, // pimg[246]
246, 19, 36, 0, 0, 10, 10, // pimg[246]
344, 19, 51, 0, 0, 10, 10, // pimg[344]
306, 19, 68, 0, 0, 10, 10, // pimg[306]
345, 19, 96, 0, 0, 10, 10, // pimg[345]
0, 0, 0, 0, 0, 10, 10, // pimg[0]
0, 0, 0, 0, 0, 10, 10, // pimg[0]
0, 0, 0, 0, 0, 10, 10, // pimg[0]
0, 0, 0, 0, 0, 10, 10, // pimg[0]
0, 0, 0, 0, 0, 10, 10, // pimg[0]
0, 0, 0, 0, 0, 10, 10, // pimg[0]
0, 0, 0, 0, 0, 10, 10, // pimg[0]
0, 0, 0, 0, 0, 10, 10, // pimg[0]
0, 0, 0, 0, 0, 10, 10, // pimg[0]
0, 0, 0, 0, 0, 10, 10, // pimg[0]
0, 0, 0, 0, 0, 10, 10, // pimg[0]
0, 0, 0, 0, 0, 10, 10, // pimg[0]
0, 0, 0, 0, 0, 10, 10, // pimg[0]
0, 0, 0, 0, 0, 10, 10, // pimg[0]
0, 0, 0, 0, 0, 10, 10, // pimg[0]
0, 0, 0, 0, 0, 10, 10, // pimg[0]
0, 0, 0, 0, 0, 10, 10, // pimg[0]
0, 0, 0, 0, 0, 10, 10, // pimg[0]
0, 0, 0, 0, 0, 10, 10, // pimg[0]
0, 0, 0, 0, 0, 10, 10, // pimg[0]
0, 0, 0, 0, 0, 10, 10, // pimg[0]
0, 1, -1, 0, 0, 10, 10, // pimg[0]
0, -1, -1, 0, 0, 10, 10, // pimg[0]
0, -2, 0, 0, 0, 10, 10, // pimg[0]
70, -23, -170, 0, 0, 10, 10, // pimg[70]
282, -5, -200, 0, 0, 10, 10, // pimg[282]
70, -23, -174, 15, 0, 10, 10, // pimg[70]
282, -5, -200, 0, 0, 10, 10, // pimg[282]
70, -22, -177, 25, 0, 10, 10, // pimg[70]
282, -5, -200, 0, 0, 10, 10, // pimg[282]
70, -21, -180, 35, 0, 10, 10, // pimg[70]
282, -5, -200, 0, 0, 10, 10, // pimg[282]
70, -20, -182, 45, 0, 10, 10, // pimg[70]
282, -5, -200, 0, 0, 10, 10, // pimg[282]
70, -20, -182, 45, 0, 10, 10, // pimg[70]
282, -5, -200, 0, 0, 10, 10, // pimg[282]
70, -21, -181, 40, 0, 10, 10, // pimg[70]
282, -5, -200, 0, 0, 10, 10, // pimg[282]
70, -22, -179, 30, 0, 10, 10, // pimg[70]
282, -5, -200, 0, 0, 10, 10, // pimg[282]
70, -23, -175, 15, 0, 10, 10, // pimg[70]
282, -5, -200, 0, 0, 10, 10, // pimg[282]
70, -23, -170, 0, 0, 10, 10, // pimg[70]
282, -5, -200, 0, 0, 10, 10, // pimg[282]
70, -23, -168, 612, 0, 10, 10, // pimg[70]
282, -5, -200, 0, 0, 10, 10, // pimg[282]
70, -23, -166, 602, 0, 10, 10, // pimg[70]
282, -5, -200, 0, 0, 10, 10, // pimg[282]
70, -22, -164, 592, 0, 10, 10, // pimg[70]
282, -5, -200, 0, 0, 10, 10, // pimg[282]
70, -22, -162, 582, 0, 10, 10, // pimg[70]
282, -5, -200, 0, 0, 10, 10, // pimg[282]
70, -22, -162, 582, 0, 10, 10, // pimg[70]
282, -5, -200, 0, 0, 10, 10, // pimg[282]
70, -22, -163, 587, 0, 10, 10, // pimg[70]
282, -5, -200, 0, 0, 10, 10, // pimg[282]
70, -22, -165, 597, 0, 10, 10, // pimg[70]
282, -5, -200, 0, 0, 10, 10, // pimg[282]
70, -23, -166, 612, 0, 10, 10, // pimg[70]
282, -5, -200, 0, 0, 10, 10, // pimg[282]
282, -5, -200, 0, 0, 10, 10, // pimg[282]
411, -32, -4, 0, 0, 10, 10, // pimg[411]
412, -25, 3, 0, 0, 10, 10, // pimg[412]
413, 8, 4, 0, 0, 10, 10, // pimg[413]
410, -32, -82, 0, 0, 10, 10, // pimg[410]
414, -67, 3, 0, 0, 10, 10, // pimg[414]
411, -32, -4, 0, 0, 10, 10, // pimg[411]
228, -19, -22, 0, 0, 10, 10, // pimg[228]
227, 36, -19, 0, 0, 10, 10, // pimg[227]
224, 6, -42, 0, 0, 10, 10, // pimg[224]
223, -1, -5, 0, 0, 10, 10, // pimg[223]
411, -32, -4, 0, 0, 10, 10, // pimg[411]
228, -19, -22, 0, 0, 10, 10, // pimg[228]
216, 40, -37, 0, 0, 10, 10, // pimg[216]
217, 4, -14, 0, 0, 10, 10, // pimg[217]
411, -32, -4, 0, 0, 10, 10, // pimg[411]
215, -4, -42, 0, 0, 10, 10, // pimg[215]
231, 25, -24, 0, 0, 10, 10, // pimg[231]
229, 15, -4, 0, 0, 10, 10, // pimg[229]
148, -65, -96, 0, 0, 10, 10, // pimg[148]
423, -59, -90, 0, 0, 10, 10, // pimg[423]
423, -19, -90, 0, 0, 10, 10, // pimg[423]
423, 20, -90, 0, 0, 10, 10, // pimg[423]
408, -14, 28, 0, 0, 10, 10, // pimg[408]
407, -42, 30, 0, 0, 10, 10, // pimg[407]
398, -70, 56, 0, 0, 10, 10, // pimg[398]
424, -68, -92, 0, 0, 10, 10, // pimg[424]
425, -18, -94, 0, 0, 10, 10, // pimg[425]
426, 22, -93, 0, 0, 10, 10, // pimg[426]
398, 57, -95, 160, 0, 10, 10, // pimg[398]
397, -26, -70, 160, 0, 10, 10, // pimg[397]
396, -16, 62, 0, 0, 10, 10, // pimg[396]
148, -65, -96, 0, 0, 10, 10, // pimg[148]
423, -59, -90, 0, 0, 10, 10, // pimg[423]
423, -19, -90, 0, 0, 10, 10, // pimg[423]
423, 20, -90, 0, 0, 10, 10, // pimg[423]
398, -70, 56, 0, 0, 10, 10, // pimg[398]
424, -68, -92, 0, 0, 10, 10, // pimg[424]
425, -18, -94, 0, 0, 10, 10, // pimg[425]
426, 22, -93, 0, 0, 10, 10, // pimg[426]
397, -26, -70, 160, 0, 10, 10, // pimg[397]
398, 57, -95, 160, 0, 10, 10, // pimg[398]
396, -16, 62, 0, 0, 10, 10, // pimg[396]
146, -38, -64, 0, 0, 10, 10, // pimg[146]
419, -35, -59, 0, 0, 10, 10, // pimg[419]
421, -37, -36, 0, 0, 10, 10, // pimg[421]
422, 31, -65, 0, 0, 10, 10, // pimg[422]
397, 65, -32, 141, 0, 10, 10, // pimg[397]
396, -20, 45, 441, 0, 10, 10, // pimg[396]
397, -1, 54, 431, 0, 10, 10, // pimg[397]
407, 18, 47, 0, 0, 10, 10, // pimg[407]
147, -60, -96, 0, 0, 10, 10, // pimg[147]
417, -57, -91, 0, 0, 10, 10, // pimg[417]
417, 38, -91, 0, 0, 10, 10, // pimg[417]
417, -10, -92, 0, 0, 10, 10, // pimg[417]
416, -63, -94, 0, 0, 10, 10, // pimg[416]
415, -9, -93, 0, 0, 10, 10, // pimg[415]
418, 5, -78, 602, 0, 10, 10, // pimg[418]
397, 29, 71, 305, 0, 10, 10, // pimg[397]
397, -55, -2, 460, 0, 10, 10, // pimg[397]
396, 55, -35, 160, 0, 10, 10, // pimg[396]
398, -24, 46, 0, 0, 10, 10, // pimg[398]
409, 16, 17, 0, 0, 10, 10, // pimg[409]
407, 3, 20, 0, 0, 10, 10, // pimg[407]
202, -18, 10, 0, 0, 10, 10, // pimg[202]
204, 35, 17, 10, 0, 10, 10, // pimg[204]
176, -73, -5, 0, 0, 10, 10, // pimg[176]
207, -7, -9, 10, 0, 10, 10, // pimg[207]
284, -72, -57, 617, 0, 10, 10, // pimg[284]
178, -66, 21, 0, 0, 10, 10, // pimg[178]
198, 23, -11, 622, 0, 10, 10, // pimg[198]
205, -18, -34, 15, 0, 10, 10, // pimg[205]
175, -69, -7, 0, 0, 10, 10, // pimg[175]
203, -46, -94, 627, 0, 10, 10, // pimg[203]
359, -131, -146, 0, 0, 10, 10, // pimg[359]
358, -4, -146, 0, 0, 10, 10, // pimg[358]
377, -43, -228, 0, 0, 10, 10, // pimg[377]
369, 3, -257, 0, 0, 10, 10, // pimg[369]
365, -63, -64, 0, 0, 10, 10, // pimg[365]
362, 18, -94, 0, 0, 10, 10, // pimg[362]
363, -37, -244, 0, 0, 10, 10, // pimg[363]
365, 32, -154, 0, 0, 10, 10, // pimg[365]
361, -78, -168, 0, 0, 10, 10, // pimg[361]
365, -38, -224, 50, 0, 10, 10, // pimg[365]
362, 29, -191, 20, 0, 10, 10, // pimg[362]
378, -50, -265, 0, 0, 10, 10, // pimg[378]
360, 24, -133, 0, 0, 10, 10, // pimg[360]
358, -1, -245, 0, 0, 10, 10, // pimg[358]
361, -46, -242, 50, 0, 10, 10, // pimg[361]
362, -61, -138, 520, 0, 10, 10, // pimg[362]
378, -50, -265, 0, 0, 10, 10, // pimg[378]
367, -62, -88, 0, 0, 10, 10, // pimg[367]
369, 23, -125, 0, 0, 10, 10, // pimg[369]
359, -162, -145, 0, 0, 10, 10, // pimg[359]
358, 29, -282, 5, 0, 10, 10, // pimg[358]
374, -28, -301, 10, 0, 10, 10, // pimg[374]
366, -48, -211, 10, 0, 10, 10, // pimg[366]
368, 31, -176, 10, 0, 10, 10, // pimg[368]
365, 76, -283, 200, 0, 10, 10, // pimg[365]
357, 0, 0, 0, 0, 10, 10, // pimg[357]
379, -101, -99, 10, 0, 10, 10, // pimg[379]
380, -53, -78, 0, 0, 10, 10, // pimg[380]
381, -109, -81, 7, 0, 10, 10, // pimg[381]
382, -97, -84, 621, 0, 10, 10, // pimg[382]
383, -103, -87, 4, 0, 10, 10, // pimg[383]
384, -182, -115, 4, 0, 10, 10, // pimg[384]
385, -96, -62, 1, 0, 10, 10, // pimg[385]
386, -63, -59, 10, 0, 10, 10, // pimg[386]
387, -156, -62, 3, 0, 10, 10, // pimg[387]
388, -83, -64, 3, 0, 10, 10, // pimg[388]
389, -164, -61, 2, 0, 10, 10, // pimg[389]
390, -129, -68, 625, 0, 10, 10, // pimg[390]
391, -173, -74, 3, 0, 10, 10, // pimg[391]
392, -50, -63, 626, 0, 10, 10, // pimg[392]
393, -44, -60, 2, 0, 10, 10, // pimg[393]
0, -1, 0, 0, 0, 10, 10, // pimg[0]
0, -1, 0, 0, 0, 10, 10, // pimg[0]
0, -1, 0, 0, 0, 10, 10, // pimg[0]
0, -1, 0, 0, 0, 10, 10, // pimg[0]
351, -72, 46, 627, 0, 10, 10, // pimg[351]
288, 0, 0, 0, 0, 10, 10, // pimg[288]
287, 5, -96, 0, 0, 10, 10, // pimg[287]